-4.254974e+001 
-5.088468e+001 
-5.870587e+001 
-6.496407e+001 
-8.947063e+001 
-1.238046e+002 
-9.545803e+001 
1.507994e+001 
1.153306e+002 
1.438158e+002 
1.150431e+002 
5.550018e+001 
-4.835454e+001 
-2.141005e+002 
-4.813588e+002 
-5.387809e+002 
-5.760818e+002 
-6.060156e+002 
-6.443748e+002 
-6.859903e+002 
-7.307304e+002 
-8.414891e+002 
-1.141178e+003 
-2.716710e+002 
3.010142e+003 
6.137240e+003 
5.130551e+003 
9.621557e+002 
-1.726750e+003 
-1.637077e+003 
-1.101845e+003 
-1.047995e+003 
-1.023391e+003 
-9.948790e+002 
-9.932920e+002 
-9.504504e+002 
-8.521665e+002 
-7.592469e+002 
-6.484924e+002 
-4.787053e+002 
-3.456976e+002 
-2.202816e+002 
-4.728000e+001 
1.174569e+002 
2.440516e+002 
4.545980e+002 
7.711461e+002 
1.133699e+003 
1.445202e+003 
1.651541e+003 
1.702626e+003 
1.521466e+003 
1.089012e+003 
4.209156e+002 
-2.513866e+002 
-6.403890e+002 
-7.594621e+002 
-7.369981e+002 
-6.884526e+002 
-6.343134e+002 
-5.650987e+002 
-5.023555e+002 
-4.416426e+002 
-3.785229e+002 
-3.355638e+002 
-2.963142e+002 
-2.402992e+002 
-2.040154e+002 
-1.639138e+002 
-1.193989e+002 
-9.582166e+001 
-7.746174e+001 
-5.552494e+001 
-2.815157e+001 
-2.433078e+001 
-3.381302e+001 
-3.927097e+001 
-5.256160e+001 
-5.967656e+001 
-7.146435e+001 
-9.655309e+001 
-7.049353e+001 
4.616540e+001 
1.518846e+002 
1.761237e+002 
1.573304e+002 
1.129325e+002 
1.833218e+001 
-1.521013e+002 
-3.580313e+002 
-4.671521e+002 
-5.042035e+002 
-5.499654e+002 
-6.012468e+002 
-6.428863e+002 
-6.797519e+002 
-7.087282e+002 
-8.467119e+002 
-1.130603e+003 
-1.852592e+002 
3.132448e+003 
6.139523e+003 
4.931931e+003 
7.337955e+002 
-1.844648e+003 
-1.672264e+003 
-1.156999e+003 
-1.110716e+003 
-1.082210e+003 
-1.036277e+003 
-1.038711e+003 
-9.932915e+002 
-8.708003e+002 
-7.760247e+002 
-4.847474e+002 
-3.537809e+002 
-2.329301e+002 
-5.801750e+001 
1.071023e+002 
2.355434e+002 
4.503879e+002 
7.826713e+002 
1.143376e+003 
1.442428e+003 
1.645691e+003 
1.702058e+003 
1.522519e+003 
1.085997e+003 
4.371067e+002 
-2.287410e+002 
-6.160558e+002 
-7.422276e+002 
-7.066711e+002 
-6.438656e+002 
-5.853226e+002 
-5.325842e+002 
-4.842185e+002 
-4.348056e+002 
-3.819318e+002 
-3.271884e+002 
-2.771567e+002 
-2.443893e+002 
-2.164079e+002 
-1.736986e+002 
-1.326979e+002 
-1.127885e+002 
-9.729041e+001 
-8.044748e+001 
-5.942900e+001 
-5.733341e+001 
-4.809753e+001 
-4.542437e+001 
-6.495011e+001 
-8.249919e+001 
-9.202337e+001 
-1.083257e+002 
-8.999033e+001 
2.446366e+001 
1.295100e+002 
1.716335e+002 
1.673145e+002 
1.160112e+002 
-3.842999e+000 
-1.748421e+002 
-3.716189e+002 
-4.788320e+002 
-5.141959e+002 
-5.574706e+002 
-6.034502e+002 
-6.379674e+002 
-6.628913e+002 
-7.091141e+002 
-8.525451e+002 
-1.134108e+003 
-1.006903e+002 
3.296796e+003 
6.218311e+003 
4.828773e+003 
6.092652e+002 
-1.852027e+003 
-1.610025e+003 
-1.090727e+003 
-1.052043e+003 
-1.033819e+003 
-1.002885e+003 
-1.003059e+003 
-9.491423e+002 
-8.409265e+002 
-7.561965e+002 
-6.347264e+002 
-4.562929e+002 
-3.226801e+002 
-2.136719e+002 
-3.506174e+001 
1.143297e+002 
2.396551e+002 
4.680338e+002 
7.965399e+002 
1.154199e+003 
1.474979e+003 
1.678783e+003 
1.717549e+003 
1.519310e+003 
1.065016e+003 
3.933020e+002 
-2.603906e+002 
-6.325385e+002 
-7.535040e+002 
-7.256804e+002 
-6.665308e+002 
-6.055564e+002 
-5.482898e+002 
-5.002907e+002 
-4.401354e+002 
-3.904093e+002 
-3.306993e+002 
-2.825753e+002 
-2.365792e+002 
-2.062280e+002 
-1.689977e+002 
-1.273130e+002 
-9.054271e+001 
-7.299332e+001 
-6.089825e+001 
-5.741849e+001 
-3.754516e+001 
-3.003203e+001 
-3.256934e+001 
-3.703566e+001 
-4.941970e+001 
-6.154650e+001 
-1.060340e+002 
-9.044278e+001 
2.667602e+001 
1.357895e+002 
1.673753e+002 
1.539015e+002 
9.981702e+001 
1.547818e+000 
-1.785175e+002 
-3.750231e+002 
-4.726484e+002 
-5.121252e+002 
-5.432291e+002 
-5.887702e+002 
-6.405978e+002 
-6.785958e+002 
-7.126708e+002 
-8.667482e+002 
-1.141764e+003 
2.384768e+000 
3.452770e+003 
6.256332e+003 
4.681980e+003 
4.617946e+002 
-1.859054e+003 
-1.567505e+003 
-1.100566e+003 
-1.057151e+003 
-1.038110e+003 
-1.007287e+003 
-9.935154e+002 
-9.376110e+002 
-8.323804e+002 
-7.496233e+002 
-6.301325e+002 
-4.597006e+002 
-3.381218e+002 
-2.061919e+002 
-2.672381e+001 
1.234437e+002 
2.544439e+002 
4.923795e+002 
8.093054e+002 
1.163222e+003 
1.466070e+003 
1.670837e+003 
1.696604e+003 
1.491359e+003 
1.031775e+003 
3.613344e+002 
-2.913891e+002 
-6.377046e+002 
-7.569713e+002 
-7.186149e+002 
-6.701057e+002 
-6.339505e+002 
-5.666870e+002 
-5.078765e+002 
-4.490917e+002 
-3.739169e+002 
-3.339333e+002 
-2.896951e+002 
-2.357326e+002 
-1.985422e+002 
-1.655719e+002 
-1.342178e+002 
-9.981514e+001 
-7.862246e+001 
-6.182158e+001 
-5.452060e+001 
-5.265429e+001 
-4.992403e+001 
-4.598445e+001 
-4.768751e+001 
-6.498804e+001 
-7.667179e+001 
-3.831439e+001 
7.956204e+001 
1.794308e+002 
2.027743e+002 
1.860699e+002 
1.247716e+002 
1.430605e+001 
-1.679339e+002 
-3.705964e+002 
-4.753697e+002 
-5.249906e+002 
-5.622452e+002 
-5.919615e+002 
-6.470080e+002 
-6.812888e+002 
-7.217424e+002 
-8.903280e+002 
-1.149012e+003 
-4.254974e+001 
-5.088468e+001 
-5.870587e+001 
-6.496407e+001 
-8.947063e+001 
-1.238046e+002 
-9.545803e+001 
1.507994e+001 
1.153306e+002 
1.438158e+002 
1.150431e+002 
5.550018e+001 
-4.835454e+001 
-2.141005e+002 
-4.813588e+002 
-5.387809e+002 
-5.760818e+002 
-6.060156e+002 
-6.443748e+002 
-6.859903e+002 
-7.307304e+002 
-8.414891e+002 
-1.141178e+003 
-2.716710e+002 
3.010142e+003 
6.137240e+003 
5.130551e+003 
9.621557e+002 
-1.726750e+003 
-1.637077e+003 
-1.101845e+003 
-1.047995e+003 
-1.023391e+003 
-9.948790e+002 
-9.932920e+002 
-9.504504e+002 
-8.521665e+002 
-7.592469e+002 
-6.484924e+002 
-4.787053e+002 
-3.456976e+002 
-2.202816e+002 
-4.728000e+001 
1.174569e+002 
2.440516e+002 
4.545980e+002 
7.711461e+002 
1.133699e+003 
1.445202e+003 
1.651541e+003 
1.702626e+003 
1.521466e+003 
1.089012e+003 
4.209156e+002 
-2.513866e+002 
-6.403890e+002 
-7.594621e+002 
-7.369981e+002 
-6.884526e+002 
-6.343134e+002 
-5.650987e+002 
-5.023555e+002 
-4.416426e+002 
-3.785229e+002 
-3.355638e+002 
-2.963142e+002 
-2.402992e+002 
-2.040154e+002 
-1.639138e+002 
-1.193989e+002 
-9.582166e+001 
-7.746174e+001 
-5.552494e+001 
-2.815157e+001 
-2.433078e+001 
-3.381302e+001 
-3.927097e+001 
-5.256160e+001 
-5.967656e+001 
-7.146435e+001 
-9.655309e+001 
-7.049353e+001 
4.616540e+001 
1.518846e+002 
1.761237e+002 
1.573304e+002 
1.129325e+002 
1.833218e+001 
-1.521013e+002 
-3.580313e+002 
-4.671521e+002 
-5.042035e+002 
-5.499654e+002 
-6.012468e+002 
-6.428863e+002 
-6.797519e+002 
-7.087282e+002 
-8.467119e+002 
-1.130603e+003 
-1.852592e+002 
3.132448e+003 
6.139523e+003 
4.931931e+003 
7.337955e+002 
-1.844648e+003 
-1.672264e+003 
-1.156999e+003 
-1.110716e+003 
-1.082210e+003 
-1.036277e+003 
-1.038711e+003 
-9.932915e+002 
-8.708003e+002 
-7.760247e+002 
-4.847474e+002 
-3.537809e+002 
-2.329301e+002 
-5.801750e+001 
1.071023e+002 
2.355434e+002 
4.503879e+002 
7.826713e+002 
1.143376e+003 
1.442428e+003 
1.645691e+003 
1.702058e+003 
1.522519e+003 
1.085997e+003 
4.371067e+002 
-2.287410e+002 
-6.160558e+002 
-7.422276e+002 
-7.066711e+002 
-6.438656e+002 
-5.853226e+002 
-5.325842e+002 
-4.842185e+002 
-4.348056e+002 
-3.819318e+002 
-3.271884e+002 
-2.771567e+002 
-2.443893e+002 
-2.164079e+002 
-1.736986e+002 
-1.326979e+002 
-1.127885e+002 
-9.729041e+001 
-8.044748e+001 
-5.942900e+001 
-5.733341e+001 
-4.809753e+001 
-4.542437e+001 
-6.495011e+001 
-8.249919e+001 
-9.202337e+001 
-1.083257e+002 
-8.999033e+001 
2.446366e+001 
1.295100e+002 
1.716335e+002 
1.673145e+002 
1.160112e+002 
-3.842999e+000 
-1.748421e+002 
-3.716189e+002 
-4.788320e+002 
-5.141959e+002 
-5.574706e+002 
-6.034502e+002 
-6.379674e+002 
-6.628913e+002 
-7.091141e+002 
-8.525451e+002 
-1.134108e+003 
-1.006903e+002 
3.296796e+003 
6.218311e+003 
4.828773e+003 
6.092652e+002 
-1.852027e+003 
-1.610025e+003 
-1.090727e+003 
-1.052043e+003 
-1.033819e+003 
-1.002885e+003 
-1.003059e+003 
-9.491423e+002 
-8.409265e+002 
-7.561965e+002 
-6.347264e+002 
-4.562929e+002 
-3.226801e+002 
-2.136719e+002 
-3.506174e+001 
1.143297e+002 
2.396551e+002 
4.680338e+002 
7.965399e+002 
1.154199e+003 
1.474979e+003 
1.678783e+003 
1.717549e+003 
1.519310e+003 
1.065016e+003 
3.933020e+002 
-2.603906e+002 
-6.325385e+002 
-7.535040e+002 
-7.256804e+002 
-6.665308e+002 
-6.055564e+002 
-5.482898e+002 
-5.002907e+002 
-4.401354e+002 
-3.904093e+002 
-3.306993e+002 
-2.825753e+002 
-2.365792e+002 
-2.062280e+002 
-1.689977e+002 
-1.273130e+002 
-9.054271e+001 
-7.299332e+001 
-6.089825e+001 
-5.741849e+001 
-3.754516e+001 
-3.003203e+001 
-3.256934e+001 
-3.703566e+001 
-4.941970e+001 
-6.154650e+001 
-1.060340e+002 
-9.044278e+001 
2.667602e+001 
1.357895e+002 
1.673753e+002 
1.539015e+002 
9.981702e+001 
1.547818e+000 
-1.785175e+002 
-3.750231e+002 
-4.726484e+002 
-5.121252e+002 
-5.432291e+002 
-5.887702e+002 
-6.405978e+002 
-6.785958e+002 
-7.126708e+002 
-8.667482e+002 
-1.141764e+003 
2.384768e+000 
3.452770e+003 
6.256332e+003 
4.681980e+003 
4.617946e+002 
-1.859054e+003 
-1.567505e+003 
-1.100566e+003 
-1.057151e+003 
-1.038110e+003 
-1.007287e+003 
-9.935154e+002 
-9.376110e+002 
-8.323804e+002 
-7.496233e+002 
-6.301325e+002 
-4.597006e+002 
-3.381218e+002 
-2.061919e+002 
-2.672381e+001 
1.234437e+002 
2.544439e+002 
4.923795e+002 
8.093054e+002 
1.163222e+003 
1.466070e+003 
1.670837e+003 
1.696604e+003 
1.491359e+003 
1.031775e+003 
3.613344e+002 
-2.913891e+002 
-6.377046e+002 
-7.569713e+002 
-7.186149e+002 
-6.701057e+002 
-6.339505e+002 
-5.666870e+002 
-5.078765e+002 
-4.490917e+002 
-3.739169e+002 
-3.339333e+002 
-2.896951e+002 
-2.357326e+002 
-1.985422e+002 
-1.655719e+002 
-1.342178e+002 
-9.981514e+001 
-7.862246e+001 
-6.182158e+001 
-5.452060e+001 
-5.265429e+001 
-4.992403e+001 
-4.598445e+001 
-4.768751e+001 
-6.498804e+001 
-7.667179e+001 
-3.831439e+001 
7.956204e+001 
1.794308e+002 
2.027743e+002 
1.860699e+002 
1.247716e+002 
1.430605e+001 
-1.679339e+002 
-3.705964e+002 
-4.753697e+002 
-5.249906e+002 
-5.622452e+002 
-5.919615e+002 
-6.470080e+002 
-6.812888e+002 
-7.217424e+002 
-8.903280e+002 
-1.149012e+003 
-4.254974e+001 
-5.088468e+001 
-5.870587e+001 
-6.496407e+001 
-8.947063e+001 
-1.238046e+002 
-9.545803e+001 
1.507994e+001 
1.153306e+002 
1.438158e+002 
1.150431e+002 
5.550018e+001 
-4.835454e+001 
-2.141005e+002 
-4.813588e+002 
-5.387809e+002 
-5.760818e+002 
-6.060156e+002 
-6.443748e+002 
-6.859903e+002 
-7.307304e+002 
-8.414891e+002 
-1.141178e+003 
-2.716710e+002 
3.010142e+003 
6.137240e+003 
5.130551e+003 
9.621557e+002 
-1.726750e+003 
-1.637077e+003 
-1.101845e+003 
-1.047995e+003 
-1.023391e+003 
-9.948790e+002 
-9.932920e+002 
-9.504504e+002 
-8.521665e+002 
-7.592469e+002 
-6.484924e+002 
-4.787053e+002 
-3.456976e+002 
-2.202816e+002 
-4.728000e+001 
1.174569e+002 
2.440516e+002 
4.545980e+002 
7.711461e+002 
1.133699e+003 
1.445202e+003 
1.651541e+003 
1.702626e+003 
1.521466e+003 
1.089012e+003 
4.209156e+002 
-2.513866e+002 
-6.403890e+002 
-7.594621e+002 
-7.369981e+002 
-6.884526e+002 
-6.343134e+002 
-5.650987e+002 
-5.023555e+002 
-4.416426e+002 
-3.785229e+002 
-3.355638e+002 
-2.963142e+002 
-2.402992e+002 
-2.040154e+002 
-1.639138e+002 
-1.193989e+002 
-9.582166e+001 
-7.746174e+001 
-5.552494e+001 
-2.815157e+001 
-2.433078e+001 
-3.381302e+001 
-3.927097e+001 
-5.256160e+001 
-5.967656e+001 
-7.146435e+001 
-9.655309e+001 
-7.049353e+001 
4.616540e+001 
1.518846e+002 
1.761237e+002 
1.573304e+002 
1.129325e+002 
1.833218e+001 
-1.521013e+002 
-3.580313e+002 
-4.671521e+002 
-5.042035e+002 
-5.499654e+002 
-6.012468e+002 
-6.428863e+002 
-6.797519e+002 
-7.087282e+002 
-8.467119e+002 
-1.130603e+003 
-1.852592e+002 
3.132448e+003 
6.139523e+003 
4.931931e+003 
7.337955e+002 
-1.844648e+003 
-1.672264e+003 
-1.156999e+003 
-1.110716e+003 
-1.082210e+003 
-1.036277e+003 
-1.038711e+003 
-9.932915e+002 
-8.708003e+002 
-7.760247e+002 
-4.847474e+002 
-3.537809e+002 
-2.329301e+002 
-5.801750e+001 
1.071023e+002 
2.355434e+002 
4.503879e+002 
7.826713e+002 
1.143376e+003 
1.442428e+003 
1.645691e+003 
1.702058e+003 
1.522519e+003 
1.085997e+003 
4.371067e+002 
-2.287410e+002 
-6.160558e+002 
-7.422276e+002 
-7.066711e+002 
-6.438656e+002 
-5.853226e+002 
-5.325842e+002 
-4.842185e+002 
-4.348056e+002 
-3.819318e+002 
-3.271884e+002 
-2.771567e+002 
-2.443893e+002 
-2.164079e+002 
-1.736986e+002 
-1.326979e+002 
-1.127885e+002 
-9.729041e+001 
-8.044748e+001 
-5.942900e+001 
-5.733341e+001 
-4.809753e+001 
-4.542437e+001 
-6.495011e+001 
-8.249919e+001 
-9.202337e+001 
-1.083257e+002 
-8.999033e+001 
2.446366e+001 
1.295100e+002 
1.716335e+002 
1.673145e+002 
1.160112e+002 
-3.842999e+000 
-1.748421e+002 
-3.716189e+002 
-4.788320e+002 
-5.141959e+002 
-5.574706e+002 
-6.034502e+002 
-6.379674e+002 
-6.628913e+002 
-7.091141e+002 
-8.525451e+002 
-1.134108e+003 
-1.006903e+002 
3.296796e+003 
6.218311e+003 
4.828773e+003 
6.092652e+002 
-1.852027e+003 
-1.610025e+003 
-1.090727e+003 
-1.052043e+003 
-1.033819e+003 
-1.002885e+003 
-1.003059e+003 
-9.491423e+002 
-8.409265e+002 
-7.561965e+002 
-6.347264e+002 
-4.562929e+002 
-3.226801e+002 
-2.136719e+002 
-3.506174e+001 
1.143297e+002 
2.396551e+002 
4.680338e+002 
7.965399e+002 
1.154199e+003 
1.474979e+003 
1.678783e+003 
1.717549e+003 
1.519310e+003 
1.065016e+003 
3.933020e+002 
-2.603906e+002 
-6.325385e+002 
-7.535040e+002 
-7.256804e+002 
-6.665308e+002 
-6.055564e+002 
-5.482898e+002 
-5.002907e+002 
-4.401354e+002 
-3.904093e+002 
-3.306993e+002 
-2.825753e+002 
-2.365792e+002 
-2.062280e+002 
-1.689977e+002 
-1.273130e+002 
-9.054271e+001 
-7.299332e+001 
-6.089825e+001 
-5.741849e+001 
-3.754516e+001 
-3.003203e+001 
-3.256934e+001 
-3.703566e+001 
-4.941970e+001 
-6.154650e+001 
-1.060340e+002 
-9.044278e+001 
2.667602e+001 
1.357895e+002 
1.673753e+002 
1.539015e+002 
9.981702e+001 
1.547818e+000 
-1.785175e+002 
-3.750231e+002 
-4.726484e+002 
-5.121252e+002 
-5.432291e+002 
-5.887702e+002 
-6.405978e+002 
-6.785958e+002 
-7.126708e+002 
-8.667482e+002 
-1.141764e+003 
2.384768e+000 
3.452770e+003 
6.256332e+003 
4.681980e+003 
4.617946e+002 
-1.859054e+003 
-1.567505e+003 
-1.100566e+003 
-1.057151e+003 
-1.038110e+003 
-1.007287e+003 
-9.935154e+002 
-9.376110e+002 
-8.323804e+002 
-7.496233e+002 
-6.301325e+002 
-4.597006e+002 
-3.381218e+002 
-2.061919e+002 
-2.672381e+001 
1.234437e+002 
2.544439e+002 
4.923795e+002 
8.093054e+002 
1.163222e+003 
1.466070e+003 
1.670837e+003 
1.696604e+003 
1.491359e+003 
1.031775e+003 
3.613344e+002 
-2.913891e+002 
-6.377046e+002 
-7.569713e+002 
-7.186149e+002 
-6.701057e+002 
-6.339505e+002 
-5.666870e+002 
-5.078765e+002 
-4.490917e+002 
-3.739169e+002 
-3.339333e+002 
-2.896951e+002 
-2.357326e+002 
-1.985422e+002 
-1.655719e+002 
-1.342178e+002 
-9.981514e+001 
-7.862246e+001 
-6.182158e+001 
-5.452060e+001 
-5.265429e+001 
-4.992403e+001 
-4.598445e+001 
-4.768751e+001 
-6.498804e+001 
-7.667179e+001 
-3.831439e+001 
7.956204e+001 
1.794308e+002 
2.027743e+002 
1.860699e+002 
1.247716e+002 
1.430605e+001 
-1.679339e+002 
-3.705964e+002 
-4.753697e+002 
-5.249906e+002 
-5.622452e+002 
-5.919615e+002 
-6.470080e+002 
-6.812888e+002 
-7.217424e+002 
-8.903280e+002 
-1.149012e+003 
1.582368e+003 
-4.254974e+001 
-5.088468e+001 
-5.870587e+001 
-6.496407e+001 
-8.947063e+001 
-1.238046e+002 
-9.545803e+001 
1.507994e+001 
1.153306e+002 
1.438158e+002 
1.150431e+002 
5.550018e+001 
-4.835454e+001 
-2.141005e+002 
-4.813588e+002 
-5.387809e+002 
-5.760818e+002 
-6.060156e+002 
-6.443748e+002 
-6.859903e+002 
-7.307304e+002 
-8.414891e+002 
-1.141178e+003 
-2.716710e+002 
3.010142e+003 
6.137240e+003 
5.130551e+003 
9.621557e+002 
-1.726750e+003 
-1.637077e+003 
-1.101845e+003 
-1.047995e+003 
-1.023391e+003 
-9.948790e+002 
-9.932920e+002 
-9.504504e+002 
-8.521665e+002 
-7.592469e+002 
-6.484924e+002 
-4.787053e+002 
-3.456976e+002 
-2.202816e+002 
-4.728000e+001 
1.174569e+002 
2.440516e+002 
4.545980e+002 
7.711461e+002 
1.133699e+003 
1.445202e+003 
1.651541e+003 
1.702626e+003 
1.521466e+003 
1.089012e+003 
4.209156e+002 
-2.513866e+002 
-6.403890e+002 
-7.594621e+002 
-7.369981e+002 
-6.884526e+002 
-6.343134e+002 
-5.650987e+002 
-5.023555e+002 
-4.416426e+002 
-3.785229e+002 
-3.355638e+002 
-2.963142e+002 
-2.402992e+002 
-2.040154e+002 
-1.639138e+002 
-1.193989e+002 
-9.582166e+001 
-7.746174e+001 
-5.552494e+001 
-2.815157e+001 
-2.433078e+001 
-3.381302e+001 
-3.927097e+001 
-5.256160e+001 
-5.967656e+001 
-7.146435e+001 
-9.655309e+001 
-7.049353e+001 
4.616540e+001 
1.518846e+002 
1.761237e+002 
1.573304e+002 
1.129325e+002 
1.833218e+001 
-1.521013e+002 
-3.580313e+002 
-4.671521e+002 
-5.042035e+002 
-5.499654e+002 
-6.012468e+002 
-6.428863e+002 
-6.797519e+002 
-7.087282e+002 
-8.467119e+002 
-1.130603e+003 
-1.852592e+002 
3.132448e+003 
6.139523e+003 
4.931931e+003 
7.337955e+002 
-1.844648e+003 
-1.672264e+003 
-1.156999e+003 
-1.110716e+003 
-1.082210e+003 
-1.036277e+003 
-1.038711e+003 
-9.932915e+002 
-8.708003e+002 
-7.760247e+002 
-4.847474e+002 
-3.537809e+002 
-2.329301e+002 
-5.801750e+001 
1.071023e+002 
2.355434e+002 
4.503879e+002 
7.826713e+002 
1.143376e+003 
1.442428e+003 
1.645691e+003 
1.702058e+003 
1.522519e+003 
1.085997e+003 
4.371067e+002 
-2.287410e+002 
-6.160558e+002 
-7.422276e+002 
-7.066711e+002 
-6.438656e+002 
-5.853226e+002 
-5.325842e+002 
-4.842185e+002 
-4.348056e+002 
-3.819318e+002 
-3.271884e+002 
-2.771567e+002 
-2.443893e+002 
-2.164079e+002 
-1.736986e+002 
-1.326979e+002 
-1.127885e+002 
-9.729041e+001 
-8.044748e+001 
-5.942900e+001 
-5.733341e+001 
-4.809753e+001 
-4.542437e+001 
-6.495011e+001 
-8.249919e+001 
-9.202337e+001 
-1.083257e+002 
-8.999033e+001 
2.446366e+001 
1.295100e+002 
1.716335e+002 
1.673145e+002 
1.160112e+002 
-3.842999e+000 
-1.748421e+002 
-3.716189e+002 
-4.788320e+002 
-5.141959e+002 
-5.574706e+002 
-6.034502e+002 
-6.379674e+002 
-6.628913e+002 
-7.091141e+002 
-8.525451e+002 
-1.134108e+003 
-1.006903e+002 
3.296796e+003 
6.218311e+003 
4.828773e+003 
6.092652e+002 
-1.852027e+003 
-1.610025e+003 
-1.090727e+003 
-1.052043e+003 
-1.033819e+003 
-1.002885e+003 
-1.003059e+003 
-9.491423e+002 
-8.409265e+002 
-7.561965e+002 
-6.347264e+002 
-4.562929e+002 
-3.226801e+002 
-2.136719e+002 
-3.506174e+001 
1.143297e+002 
2.396551e+002 
4.680338e+002 
7.965399e+002 
1.154199e+003 
1.474979e+003 
1.678783e+003 
1.717549e+003 
1.519310e+003 
1.065016e+003 
3.933020e+002 
-2.603906e+002 
-6.325385e+002 
-7.535040e+002 
-7.256804e+002 
-6.665308e+002 
-6.055564e+002 
-5.482898e+002 
-5.002907e+002 
-4.401354e+002 
-3.904093e+002 
-3.306993e+002 
-2.825753e+002 
-2.365792e+002 
-2.062280e+002 
-1.689977e+002 
-1.273130e+002 
-9.054271e+001 
-7.299332e+001 
-6.089825e+001 
-5.741849e+001 
-3.754516e+001 
-3.003203e+001 
-3.256934e+001 
-3.703566e+001 
-4.941970e+001 
-6.154650e+001 
-1.060340e+002 
-9.044278e+001 
2.667602e+001 
1.357895e+002 
1.673753e+002 
1.539015e+002 
9.981702e+001 
1.547818e+000 
-1.785175e+002 
-3.750231e+002 
-4.726484e+002 
-5.121252e+002 
-5.432291e+002 
-5.887702e+002 
-6.405978e+002 
-6.785958e+002 
-7.126708e+002 
-8.667482e+002 
-1.141764e+003 
2.384768e+000 
3.452770e+003 
6.256332e+003 
4.681980e+003 
4.617946e+002 
-1.859054e+003 
-1.567505e+003 
-1.100566e+003 
-1.057151e+003 
-1.038110e+003 
-1.007287e+003 
-9.935154e+002 
-9.376110e+002 
-8.323804e+002 
-7.496233e+002 
-6.301325e+002 
-4.597006e+002 
-3.381218e+002 
-2.061919e+002 
-2.672381e+001 
1.234437e+002 
2.544439e+002 
4.923795e+002 
8.093054e+002 
1.163222e+003 
1.466070e+003 
1.670837e+003 
1.696604e+003 
1.491359e+003 
1.031775e+003 
3.613344e+002 
-2.913891e+002 
-6.377046e+002 
-7.569713e+002 
-7.186149e+002 
-6.701057e+002 
-6.339505e+002 
-5.666870e+002 
-5.078765e+002 
-4.490917e+002 
-3.739169e+002 
-3.339333e+002 
-2.896951e+002 
-2.357326e+002 
-1.985422e+002 
-1.655719e+002 
-1.342178e+002 
-9.981514e+001 
-7.862246e+001 
-6.182158e+001 
-5.452060e+001 
-5.265429e+001 
-4.992403e+001 
-4.598445e+001 
-4.768751e+001 
-6.498804e+001 
-7.667179e+001 
-3.831439e+001 
7.956204e+001 
1.794308e+002 
2.027743e+002 
1.860699e+002 
1.247716e+002 
1.430605e+001 
-1.679339e+002 
-3.705964e+002 
-4.753697e+002 
-5.249906e+002 
-5.622452e+002 
-5.919615e+002 
-6.470080e+002 
-6.812888e+002 
-7.217424e+002 
-8.903280e+002 
-1.149012e+003 
-4.254974e+001 
-5.088468e+001 
-5.870587e+001 
-6.496407e+001 
-8.947063e+001 
-1.238046e+002 
-9.545803e+001 
1.507994e+001 
1.153306e+002 
1.438158e+002 
1.150431e+002 
5.550018e+001 
-4.835454e+001 
-2.141005e+002 
-4.813588e+002 
-5.387809e+002 
-5.760818e+002 
-6.060156e+002 
-6.443748e+002 
-6.859903e+002 
-7.307304e+002 
-8.414891e+002 
-1.141178e+003 
-2.716710e+002 
3.010142e+003 
6.137240e+003 
5.130551e+003 
9.621557e+002 
-1.726750e+003 
-1.637077e+003 
-1.101845e+003 
-1.047995e+003 
-1.023391e+003 
-9.948790e+002 
-9.932920e+002 
-9.504504e+002 
-8.521665e+002 
-7.592469e+002 
-6.484924e+002 
-4.787053e+002 
-3.456976e+002 
-2.202816e+002 
-4.728000e+001 
1.174569e+002 
2.440516e+002 
4.545980e+002 
7.711461e+002 
1.133699e+003 
1.445202e+003 
1.651541e+003 
1.702626e+003 
1.521466e+003 
1.089012e+003 
4.209156e+002 
-2.513866e+002 
-6.403890e+002 
-7.594621e+002 
-7.369981e+002 
-6.884526e+002 
-6.343134e+002 
-5.650987e+002 
-5.023555e+002 
-4.416426e+002 
-3.785229e+002 
-3.355638e+002 
-2.963142e+002 
-2.402992e+002 
-2.040154e+002 
-1.639138e+002 
-1.193989e+002 
-9.582166e+001 
-7.746174e+001 
-5.552494e+001 
-2.815157e+001 
-2.433078e+001 
-3.381302e+001 
-3.927097e+001 
-5.256160e+001 
-5.967656e+001 
-7.146435e+001 
-9.655309e+001 
-7.049353e+001 
4.616540e+001 
1.518846e+002 
1.761237e+002 
1.573304e+002 
1.129325e+002 
1.833218e+001 
-1.521013e+002 
-3.580313e+002 
-4.671521e+002 
-5.042035e+002 
-5.499654e+002 
-6.012468e+002 
-6.428863e+002 
-6.797519e+002 
-7.087282e+002 
-8.467119e+002 
-1.130603e+003 
-1.852592e+002 
3.132448e+003 
6.139523e+003 
4.931931e+003 
7.337955e+002 
-1.844648e+003 
-1.672264e+003 
-1.156999e+003 
-1.110716e+003 
-1.082210e+003 
-1.036277e+003 
-1.038711e+003 
-9.932915e+002 
-8.708003e+002 
-7.760247e+002 
-4.847474e+002 
-3.537809e+002 
-2.329301e+002 
-5.801750e+001 
1.071023e+002 
2.355434e+002 
4.503879e+002 
7.826713e+002 
1.143376e+003 
1.442428e+003 
1.645691e+003 
1.702058e+003 
1.522519e+003 
1.085997e+003 
4.371067e+002 
-2.287410e+002 
-6.160558e+002 
-7.422276e+002 
-7.066711e+002 
-6.438656e+002 
-5.853226e+002 
-5.325842e+002 
-4.842185e+002 
-4.348056e+002 
-3.819318e+002 
-3.271884e+002 
-2.771567e+002 
-2.443893e+002 
-2.164079e+002 
-1.736986e+002 
-1.326979e+002 
-1.127885e+002 
-9.729041e+001 
-8.044748e+001 
-5.942900e+001 
-5.733341e+001 
-4.809753e+001 
-4.542437e+001 
-6.495011e+001 
-8.249919e+001 
-9.202337e+001 
-1.083257e+002 
-8.999033e+001 
2.446366e+001 
1.295100e+002 
1.716335e+002 
1.673145e+002 
1.160112e+002 
-3.842999e+000 
-1.748421e+002 
-3.716189e+002 
-4.788320e+002 
-5.141959e+002 
-5.574706e+002 
-6.034502e+002 
-6.379674e+002 
-6.628913e+002 
-7.091141e+002 
-8.525451e+002 
-1.134108e+003 
-1.006903e+002 
3.296796e+003 
6.218311e+003 
4.828773e+003 
6.092652e+002 
-1.852027e+003 
-1.610025e+003 
-1.090727e+003 
-1.052043e+003 
-1.033819e+003 
-1.002885e+003 
-1.003059e+003 
-9.491423e+002 
-8.409265e+002 
-7.561965e+002 
-6.347264e+002 
-4.562929e+002 
-3.226801e+002 
-2.136719e+002 
-3.506174e+001 
1.143297e+002 
2.396551e+002 
4.680338e+002 
7.965399e+002 
1.154199e+003 
1.474979e+003 
1.678783e+003 
1.717549e+003 
1.519310e+003 
1.065016e+003 
3.933020e+002 
-2.603906e+002 
-6.325385e+002 
-7.535040e+002 
-7.256804e+002 
-6.665308e+002 
-6.055564e+002 
-5.482898e+002 
-5.002907e+002 
-4.401354e+002 
-3.904093e+002 
-3.306993e+002 
-2.825753e+002 
-2.365792e+002 
-2.062280e+002 
-1.689977e+002 
-1.273130e+002 
-9.054271e+001 
-7.299332e+001 
-6.089825e+001 
-5.741849e+001 
-3.754516e+001 
-3.003203e+001 
-3.256934e+001 
-3.703566e+001 
-4.941970e+001 
-6.154650e+001 
-1.060340e+002 
-9.044278e+001 
2.667602e+001 
1.357895e+002 
1.673753e+002 
1.539015e+002 
9.981702e+001 
1.547818e+000 
-1.785175e+002 
-3.750231e+002 
-4.726484e+002 
-5.121252e+002 
-5.432291e+002 
-5.887702e+002 
-6.405978e+002 
-6.785958e+002 
-7.126708e+002 
-8.667482e+002 
-1.141764e+003 
2.384768e+000 
3.452770e+003 
6.256332e+003 
4.681980e+003 
4.617946e+002 
-1.859054e+003 
-1.567505e+003 
-1.100566e+003 
-1.057151e+003 
-1.038110e+003 
-1.007287e+003 
-9.935154e+002 
-9.376110e+002 
-8.323804e+002 
-7.496233e+002 
-6.301325e+002 
-4.597006e+002 
-3.381218e+002 
-2.061919e+002 
-2.672381e+001 
1.234437e+002 
2.544439e+002 
4.923795e+002 
8.093054e+002 
1.163222e+003 
1.466070e+003 
1.670837e+003 
1.696604e+003 
1.491359e+003 
1.031775e+003 
3.613344e+002 
-2.913891e+002 
-6.377046e+002 
-7.569713e+002 
-7.186149e+002 
-6.701057e+002 
-6.339505e+002 
-5.666870e+002 
-5.078765e+002 
-4.490917e+002 
-3.739169e+002 
-3.339333e+002 
-2.896951e+002 
-2.357326e+002 
-1.985422e+002 
-1.655719e+002 
-1.342178e+002 
-9.981514e+001 
-7.862246e+001 
-6.182158e+001 
-5.452060e+001 
-5.265429e+001 
-4.992403e+001 
-4.598445e+001 
-4.768751e+001 
-6.498804e+001 
-7.667179e+001 
-3.831439e+001 
7.956204e+001 
1.794308e+002 
2.027743e+002 
1.860699e+002 
1.247716e+002 
1.430605e+001 
-1.679339e+002 
-3.705964e+002 
-4.753697e+002 
-5.249906e+002 
-5.622452e+002 
-5.919615e+002 
-6.470080e+002 
-6.812888e+002 
-7.217424e+002 
-8.903280e+002 
-1.149012e+003 
-4.254974e+001 
-5.088468e+001 
-5.870587e+001 
-6.496407e+001 
-8.947063e+001 
-1.238046e+002 
-9.545803e+001 
1.507994e+001 
1.153306e+002 
1.438158e+002 
1.150431e+002 
5.550018e+001 
-4.835454e+001 
-2.141005e+002 
-4.813588e+002 
-5.387809e+002 
-5.760818e+002 
-6.060156e+002 
-6.443748e+002 
-6.859903e+002 
-7.307304e+002 
-8.414891e+002 
-1.141178e+003 
-2.716710e+002 
3.010142e+003 
6.137240e+003 
5.130551e+003 
9.621557e+002 
-1.726750e+003 
-1.637077e+003 
-1.101845e+003 
-1.047995e+003 
-1.023391e+003 
-9.948790e+002 
-9.932920e+002 
-9.504504e+002 
-8.521665e+002 
-7.592469e+002 
-6.484924e+002 
-4.787053e+002 
-3.456976e+002 
-2.202816e+002 
-4.728000e+001 
1.174569e+002 
2.440516e+002 
4.545980e+002 
7.711461e+002 
1.133699e+003 
1.445202e+003 
1.651541e+003 
1.702626e+003 
1.521466e+003 
1.089012e+003 
4.209156e+002 
-2.513866e+002 
-6.403890e+002 
-7.594621e+002 
-7.369981e+002 
-6.884526e+002 
-6.343134e+002 
-5.650987e+002 
-5.023555e+002 
-4.416426e+002 
-3.785229e+002 
-3.355638e+002 
-2.963142e+002 
-2.402992e+002 
-2.040154e+002 
-1.639138e+002 
-1.193989e+002 
-9.582166e+001 
-7.746174e+001 
-5.552494e+001 
-2.815157e+001 
-2.433078e+001 
-3.381302e+001 
-3.927097e+001 
-5.256160e+001 
-5.967656e+001 
-7.146435e+001 
-9.655309e+001 
-7.049353e+001 
4.616540e+001 
1.518846e+002 
1.761237e+002 
1.573304e+002 
1.129325e+002 
1.833218e+001 
-1.521013e+002 
-3.580313e+002 
-4.671521e+002 
-5.042035e+002 
-5.499654e+002 
-6.012468e+002 
-6.428863e+002 
-6.797519e+002 
-7.087282e+002 
-8.467119e+002 
-1.130603e+003 
-1.852592e+002 
3.132448e+003 
6.139523e+003 
4.931931e+003 
7.337955e+002 
-1.844648e+003 
-1.672264e+003 
-1.156999e+003 
-1.110716e+003 
-1.082210e+003 
-1.036277e+003 
-1.038711e+003 
-9.932915e+002 
-8.708003e+002 
-7.760247e+002 
-4.847474e+002 
-3.537809e+002 
-2.329301e+002 
-5.801750e+001 
1.071023e+002 
2.355434e+002 
4.503879e+002 
7.826713e+002 
1.143376e+003 
1.442428e+003 
1.645691e+003 
1.702058e+003 
1.522519e+003 
1.085997e+003 
4.371067e+002 
-2.287410e+002 
-6.160558e+002 
-7.422276e+002 
-7.066711e+002 
-6.438656e+002 
-5.853226e+002 
-5.325842e+002 
-4.842185e+002 
-4.348056e+002 
-3.819318e+002 
-3.271884e+002 
-2.771567e+002 
-2.443893e+002 
-2.164079e+002 
-1.736986e+002 
-1.326979e+002 
-1.127885e+002 
-9.729041e+001 
-8.044748e+001 
-5.942900e+001 
-5.733341e+001 
-4.809753e+001 
-4.542437e+001 
-6.495011e+001 
-8.249919e+001 
-9.202337e+001 
-1.083257e+002 
-8.999033e+001 
2.446366e+001 
1.295100e+002 
1.716335e+002 
1.673145e+002 
1.160112e+002 
-3.842999e+000 
-1.748421e+002 
-3.716189e+002 
-4.788320e+002 
-5.141959e+002 
-5.574706e+002 
-6.034502e+002 
-6.379674e+002 
-6.628913e+002 
-7.091141e+002 
-8.525451e+002 
-1.134108e+003 
-1.006903e+002 
3.296796e+003 
6.218311e+003 
4.828773e+003 
6.092652e+002 
-1.852027e+003 
-1.610025e+003 
-1.090727e+003 
-1.052043e+003 
-1.033819e+003 
-1.002885e+003 
-1.003059e+003 
-9.491423e+002 
-8.409265e+002 
-7.561965e+002 
-6.347264e+002 
-4.562929e+002 
-3.226801e+002 
-2.136719e+002 
-3.506174e+001 
1.143297e+002 
2.396551e+002 
4.680338e+002 
7.965399e+002 
1.154199e+003 
1.474979e+003 
1.678783e+003 
1.717549e+003 
1.519310e+003 
1.065016e+003 
3.933020e+002 
-2.603906e+002 
-6.325385e+002 
-7.535040e+002 
-7.256804e+002 
-6.665308e+002 
-6.055564e+002 
-5.482898e+002 
-5.002907e+002 
-4.401354e+002 
-3.904093e+002 
-3.306993e+002 
-2.825753e+002 
-2.365792e+002 
-2.062280e+002 
-1.689977e+002 
-1.273130e+002 
-9.054271e+001 
-7.299332e+001 
-6.089825e+001 
-5.741849e+001 
-3.754516e+001 
-3.003203e+001 
-3.256934e+001 
-3.703566e+001 
-4.941970e+001 
-6.154650e+001 
-1.060340e+002 
-9.044278e+001 
2.667602e+001 
1.357895e+002 
1.673753e+002 
1.539015e+002 
9.981702e+001 
1.547818e+000 
-1.785175e+002 
-3.750231e+002 
-4.726484e+002 
-5.121252e+002 
-5.432291e+002 
-5.887702e+002 
-6.405978e+002 
-6.785958e+002 
-7.126708e+002 
-8.667482e+002 
-1.141764e+003 
2.384768e+000 
3.452770e+003 
6.256332e+003 
4.681980e+003 
4.617946e+002 
-1.859054e+003 
-1.567505e+003 
-1.100566e+003 
-1.057151e+003 
-1.038110e+003 
-1.007287e+003 
-9.935154e+002 
-9.376110e+002 
-8.323804e+002 
-7.496233e+002 
-6.301325e+002 
-4.597006e+002 
-3.381218e+002 
-2.061919e+002 
-2.672381e+001 
1.234437e+002 
2.544439e+002 
4.923795e+002 
8.093054e+002 
1.163222e+003 
1.466070e+003 
1.670837e+003 
1.696604e+003 
1.491359e+003 
1.031775e+003 
3.613344e+002 
-2.913891e+002 
-6.377046e+002 
-7.569713e+002 
-7.186149e+002 
-6.701057e+002 
-6.339505e+002 
-5.666870e+002 
-5.078765e+002 
-4.490917e+002 
-3.739169e+002 
-3.339333e+002 
-2.896951e+002 
-2.357326e+002 
-1.985422e+002 
-1.655719e+002 
-1.342178e+002 
-9.981514e+001 
-7.862246e+001 
-6.182158e+001 
-5.452060e+001 
-5.265429e+001 
-4.992403e+001 
-4.598445e+001 
-4.768751e+001 
-6.498804e+001 
-7.667179e+001 
-3.831439e+001 
7.956204e+001 
1.794308e+002 
2.027743e+002 
1.860699e+002 
1.247716e+002 
1.430605e+001 
-1.679339e+002 
-3.705964e+002 
-4.753697e+002 
-5.249906e+002 
-5.622452e+002 
-5.919615e+002 
-6.470080e+002 
-6.812888e+002 
-7.217424e+002 
-8.903280e+002 
-1.149012e+003 
-1.377801e+003 
-1.522648e+003 
-4.254974e+001 
-5.088468e+001 
-5.870587e+001 
-6.496407e+001 
-8.947063e+001 
-1.238046e+002 
-9.545803e+001 
1.507994e+001 
1.153306e+002 
1.438158e+002 
1.150431e+002 
5.550018e+001 
-4.835454e+001 
-2.141005e+002 
-4.813588e+002 
-5.387809e+002 
-5.760818e+002 
-6.060156e+002 
-6.443748e+002 
-6.859903e+002 
-7.307304e+002 
-8.414891e+002 
-1.141178e+003 
-2.716710e+002 
3.010142e+003 
6.137240e+003 
5.130551e+003 
9.621557e+002 
-1.726750e+003 
-1.637077e+003 
-1.101845e+003 
-1.047995e+003 
-1.023391e+003 
-9.948790e+002 
-9.932920e+002 
-9.504504e+002 
-8.521665e+002 
-7.592469e+002 
-6.484924e+002 
-4.787053e+002 
-3.456976e+002 
-2.202816e+002 
-4.728000e+001 
1.174569e+002 
2.440516e+002 
4.545980e+002 
7.711461e+002 
1.133699e+003 
1.445202e+003 
1.651541e+003 
1.702626e+003 
1.521466e+003 
1.089012e+003 
4.209156e+002 
-2.513866e+002 
-6.403890e+002 
-7.594621e+002 
-7.369981e+002 
-6.884526e+002 
-6.343134e+002 
-5.650987e+002 
-5.023555e+002 
-4.416426e+002 
-3.785229e+002 
-3.355638e+002 
-2.963142e+002 
-2.402992e+002 
-2.040154e+002 
-1.639138e+002 
-1.193989e+002 
-9.582166e+001 
-7.746174e+001 
-5.552494e+001 
-2.815157e+001 
-2.433078e+001 
-3.381302e+001 
-3.927097e+001 
-5.256160e+001 
-5.967656e+001 
-7.146435e+001 
-9.655309e+001 
-7.049353e+001 
4.616540e+001 
1.518846e+002 
1.761237e+002 
1.573304e+002 
1.129325e+002 
1.833218e+001 
-1.521013e+002 
-3.580313e+002 
-4.671521e+002 
-5.042035e+002 
-5.499654e+002 
-6.012468e+002 
-6.428863e+002 
-6.797519e+002 
-7.087282e+002 
-8.467119e+002 
-1.130603e+003 
-1.852592e+002 
3.132448e+003 
6.139523e+003 
4.931931e+003 
7.337955e+002 
-1.844648e+003 
-1.672264e+003 
-1.156999e+003 
-1.110716e+003 
-1.082210e+003 
-1.036277e+003 
-1.038711e+003 
-9.932915e+002 
-8.708003e+002 
-7.760247e+002 
-4.847474e+002 
-3.537809e+002 
-2.329301e+002 
-5.801750e+001 
1.071023e+002 
2.355434e+002 
4.503879e+002 
7.826713e+002 
1.143376e+003 
1.442428e+003 
1.645691e+003 
1.702058e+003 
1.522519e+003 
1.085997e+003 
4.371067e+002 
-2.287410e+002 
-6.160558e+002 
-7.422276e+002 
-7.066711e+002 
-6.438656e+002 
-5.853226e+002 
-5.325842e+002 
-4.842185e+002 
-4.348056e+002 
-3.819318e+002 
-3.271884e+002 
-2.771567e+002 
-2.443893e+002 
-2.164079e+002 
-1.736986e+002 
-1.326979e+002 
-1.127885e+002 
-9.729041e+001 
-8.044748e+001 
-5.942900e+001 
-5.733341e+001 
-4.809753e+001 
-4.542437e+001 
-6.495011e+001 
-8.249919e+001 
-9.202337e+001 
-1.083257e+002 
-8.999033e+001 
2.446366e+001 
1.295100e+002 
1.716335e+002 
1.673145e+002 
1.160112e+002 
-3.842999e+000 
-1.748421e+002 
-3.716189e+002 
-4.788320e+002 
-5.141959e+002 
-5.574706e+002 
-6.034502e+002 
-6.379674e+002 
-6.628913e+002 
-7.091141e+002 
-8.525451e+002 
-1.134108e+003 
-1.006903e+002 
3.296796e+003 
6.218311e+003 
4.828773e+003 
6.092652e+002 
-1.852027e+003 
-1.610025e+003 
-1.090727e+003 
-1.052043e+003 
-1.033819e+003 
-1.002885e+003 
-1.003059e+003 
-9.491423e+002 
-8.409265e+002 
-7.561965e+002 
-6.347264e+002 
-4.562929e+002 
-3.226801e+002 
-2.136719e+002 
-3.506174e+001 
1.143297e+002 
2.396551e+002 
4.680338e+002 
7.965399e+002 
1.154199e+003 
1.474979e+003 
1.678783e+003 
1.717549e+003 
1.519310e+003 
1.065016e+003 
3.933020e+002 
-2.603906e+002 
-6.325385e+002 
-7.535040e+002 
-7.256804e+002 
-6.665308e+002 
-6.055564e+002 
-5.482898e+002 
-5.002907e+002 
-4.401354e+002 
-3.904093e+002 
-3.306993e+002 
-2.825753e+002 
-2.365792e+002 
-2.062280e+002 
-1.689977e+002 
-1.273130e+002 
-9.054271e+001 
-7.299332e+001 
-6.089825e+001 
-5.741849e+001 
-3.754516e+001 
-3.003203e+001 
-3.256934e+001 
-3.703566e+001 
-4.941970e+001 
-6.154650e+001 
-1.060340e+002 
-9.044278e+001 
2.667602e+001 
1.357895e+002 
1.673753e+002 
1.539015e+002 
9.981702e+001 
1.547818e+000 
-1.785175e+002 
-3.750231e+002 
-4.726484e+002 
-5.121252e+002 
-5.432291e+002 
-5.887702e+002 
-6.405978e+002 
-6.785958e+002 
-7.126708e+002 
-8.667482e+002 
-1.141764e+003 
2.384768e+000 
3.452770e+003 
6.256332e+003 
4.681980e+003 
4.617946e+002 
-1.859054e+003 
-1.567505e+003 
-1.100566e+003 
-1.057151e+003 
-1.038110e+003 
-1.007287e+003 
-9.935154e+002 
-9.376110e+002 
-8.323804e+002 
-7.496233e+002 
-6.301325e+002 
-4.597006e+002 
-3.381218e+002 
-2.061919e+002 
-2.672381e+001 
1.234437e+002 
2.544439e+002 
4.923795e+002 
8.093054e+002 
1.163222e+003 
1.466070e+003 
1.670837e+003 
1.696604e+003 
1.491359e+003 
1.031775e+003 
3.613344e+002 
-2.913891e+002 
-6.377046e+002 
-7.569713e+002 
-7.186149e+002 
-6.701057e+002 
-6.339505e+002 
-5.666870e+002 
-5.078765e+002 
-4.490917e+002 
-3.739169e+002 
-3.339333e+002 
-2.896951e+002 
-2.357326e+002 
-1.985422e+002 
-1.655719e+002 
-1.342178e+002 
-9.981514e+001 
-7.862246e+001 
-6.182158e+001 
-5.452060e+001 
-5.265429e+001 
-4.992403e+001 
-4.598445e+001 
-4.768751e+001 
-6.498804e+001 
-7.667179e+001 
-3.831439e+001 
7.956204e+001 
1.794308e+002 
2.027743e+002 
1.860699e+002 
1.247716e+002 
1.430605e+001 
-1.679339e+002 
-3.705964e+002 
-4.753697e+002 
-5.249906e+002 
-5.622452e+002 
-5.919615e+002 
-6.470080e+002 
-6.812888e+002 
-7.217424e+002 
-8.903280e+002 
-1.149012e+003 
-4.254974e+001 
-5.088468e+001 
-5.870587e+001 
-6.496407e+001 
-8.947063e+001 
-1.238046e+002 
-9.545803e+001 
1.507994e+001 
1.153306e+002 
1.438158e+002 
1.150431e+002 
5.550018e+001 
-4.835454e+001 
-2.141005e+002 
-4.813588e+002 
-5.387809e+002 
-5.760818e+002 
-6.060156e+002 
-6.443748e+002 
-6.859903e+002 
-7.307304e+002 
-8.414891e+002 
-1.141178e+003 
-2.716710e+002 
3.010142e+003 
6.137240e+003 
5.130551e+003 
9.621557e+002 
-1.726750e+003 
-1.637077e+003 
-1.101845e+003 
-1.047995e+003 
-1.023391e+003 
-9.948790e+002 
-9.932920e+002 
-9.504504e+002 
-8.521665e+002 
-7.592469e+002 
-6.484924e+002 
-4.787053e+002 
-3.456976e+002 
-2.202816e+002 
-4.728000e+001 
1.174569e+002 
2.440516e+002 
4.545980e+002 
7.711461e+002 
1.133699e+003 
1.445202e+003 
1.651541e+003 
1.702626e+003 
1.521466e+003 
1.089012e+003 
4.209156e+002 
-2.513866e+002 
-6.403890e+002 
-7.594621e+002 
-7.369981e+002 
-6.884526e+002 
-6.343134e+002 
-5.650987e+002 
-5.023555e+002 
-4.416426e+002 
-3.785229e+002 
-3.355638e+002 
-2.963142e+002 
-2.402992e+002 
-2.040154e+002 
-1.639138e+002 
-1.193989e+002 
-9.582166e+001 
-7.746174e+001 
-5.552494e+001 
-2.815157e+001 
-2.433078e+001 
-3.381302e+001 
-3.927097e+001 
-5.256160e+001 
-5.967656e+001 
-7.146435e+001 
-9.655309e+001 
-7.049353e+001 
4.616540e+001 
1.518846e+002 
1.761237e+002 
1.573304e+002 
1.129325e+002 
1.833218e+001 
-1.521013e+002 
-3.580313e+002 
-4.671521e+002 
-5.042035e+002 
-5.499654e+002 
-6.012468e+002 
-6.428863e+002 
-6.797519e+002 
-7.087282e+002 
-8.467119e+002 
-1.130603e+003 
-1.852592e+002 
3.132448e+003 
6.139523e+003 
4.931931e+003 
7.337955e+002 
-1.844648e+003 
-1.672264e+003 
-1.156999e+003 
-1.110716e+003 
-1.082210e+003 
-1.036277e+003 
-1.038711e+003 
-9.932915e+002 
-8.708003e+002 
-7.760247e+002 
-4.847474e+002 
-3.537809e+002 
-2.329301e+002 
-5.801750e+001 
1.071023e+002 
2.355434e+002 
4.503879e+002 
7.826713e+002 
1.143376e+003 
1.442428e+003 
1.645691e+003 
1.702058e+003 
1.522519e+003 
1.085997e+003 
4.371067e+002 
-2.287410e+002 
-6.160558e+002 
-7.422276e+002 
-7.066711e+002 
-6.438656e+002 
-5.853226e+002 
-5.325842e+002 
-4.842185e+002 
-4.348056e+002 
-3.819318e+002 
-3.271884e+002 
-2.771567e+002 
-2.443893e+002 
-2.164079e+002 
-1.736986e+002 
-1.326979e+002 
-1.127885e+002 
-9.729041e+001 
-8.044748e+001 
-5.942900e+001 
-5.733341e+001 
-4.809753e+001 
-4.542437e+001 
-6.495011e+001 
-8.249919e+001 
-9.202337e+001 
-1.083257e+002 
-8.999033e+001 
2.446366e+001 
1.295100e+002 
1.716335e+002 
1.673145e+002 
1.160112e+002 
-3.842999e+000 
-1.748421e+002 
-3.716189e+002 
-4.788320e+002 
-5.141959e+002 
-5.574706e+002 
-6.034502e+002 
-6.379674e+002 
-6.628913e+002 
-7.091141e+002 
-8.525451e+002 
-1.134108e+003 
-1.006903e+002 
3.296796e+003 
6.218311e+003 
4.828773e+003 
6.092652e+002 
-1.852027e+003 
-1.610025e+003 
-1.090727e+003 
-1.052043e+003 
-1.033819e+003 
-1.002885e+003 
-1.003059e+003 
-9.491423e+002 
-8.409265e+002 
-7.561965e+002 
-6.347264e+002 
-4.562929e+002 
-3.226801e+002 
-2.136719e+002 
-3.506174e+001 
1.143297e+002 
2.396551e+002 
4.680338e+002 
7.965399e+002 
1.154199e+003 
1.474979e+003 
1.678783e+003 
1.717549e+003 
1.519310e+003 
1.065016e+003 
3.933020e+002 
-2.603906e+002 
-6.325385e+002 
-7.535040e+002 
-7.256804e+002 
-6.665308e+002 
-6.055564e+002 
-5.482898e+002 
-5.002907e+002 
-4.401354e+002 
-3.904093e+002 
-3.306993e+002 
-2.825753e+002 
-2.365792e+002 
-2.062280e+002 
-1.689977e+002 
-1.273130e+002 
-9.054271e+001 
-7.299332e+001 
-6.089825e+001 
-5.741849e+001 
-3.754516e+001 
-3.003203e+001 
-3.256934e+001 
-3.703566e+001 
-4.941970e+001 
-6.154650e+001 
-1.060340e+002 
-9.044278e+001 
2.667602e+001 
1.357895e+002 
1.673753e+002 
1.539015e+002 
9.981702e+001 
1.547818e+000 
-1.785175e+002 
-3.750231e+002 
-4.726484e+002 
-5.121252e+002 
-5.432291e+002 
-5.887702e+002 
-6.405978e+002 
-6.785958e+002 
-7.126708e+002 
-8.667482e+002 
-1.141764e+003 
2.384768e+000 
3.452770e+003 
6.256332e+003 
4.681980e+003 
4.617946e+002 
-1.859054e+003 
-1.567505e+003 
-1.100566e+003 
-1.057151e+003 
-1.038110e+003 
-1.007287e+003 
-9.935154e+002 
-9.376110e+002 
-8.323804e+002 
-7.496233e+002 
-6.301325e+002 
-4.597006e+002 
-3.381218e+002 
-2.061919e+002 
-2.672381e+001 
1.234437e+002 
2.544439e+002 
4.923795e+002 
8.093054e+002 
1.163222e+003 
1.466070e+003 
1.670837e+003 
1.696604e+003 
1.491359e+003 
1.031775e+003 
3.613344e+002 
-2.913891e+002 
-6.377046e+002 
-7.569713e+002 
-7.186149e+002 
-6.701057e+002 
-6.339505e+002 
-5.666870e+002 
-5.078765e+002 
-4.490917e+002 
-3.739169e+002 
-3.339333e+002 
-2.896951e+002 
-2.357326e+002 
-1.985422e+002 
-1.655719e+002 
-1.342178e+002 
-9.981514e+001 
-7.862246e+001 
-6.182158e+001 
-5.452060e+001 
-5.265429e+001 
-4.992403e+001 
-4.598445e+001 
-4.768751e+001 
-6.498804e+001 
-7.667179e+001 
-3.831439e+001 
7.956204e+001 
1.794308e+002 
2.027743e+002 
1.860699e+002 
1.247716e+002 
1.430605e+001 
-1.679339e+002 
-3.705964e+002 
-4.753697e+002 
-5.249906e+002 
-5.622452e+002 
-5.919615e+002 
-6.470080e+002 
-6.812888e+002 
-7.217424e+002 
-8.903280e+002 
-1.149012e+003 
-4.254974e+001 
-5.088468e+001 
-5.870587e+001 
-6.496407e+001 
-8.947063e+001 
-1.238046e+002 
-9.545803e+001 
1.507994e+001 
1.153306e+002 
1.438158e+002 
1.150431e+002 
5.550018e+001 
-4.835454e+001 
-2.141005e+002 
-4.813588e+002 
-5.387809e+002 
-5.760818e+002 
-6.060156e+002 
-6.443748e+002 
-6.859903e+002 
-7.307304e+002 
-8.414891e+002 
-1.141178e+003 
-2.716710e+002 
3.010142e+003 
6.137240e+003 
5.130551e+003 
9.621557e+002 
-1.726750e+003 
-1.637077e+003 
-1.101845e+003 
-1.047995e+003 
-1.023391e+003 
-9.948790e+002 
-9.932920e+002 
-9.504504e+002 
-8.521665e+002 
-7.592469e+002 
-6.484924e+002 
-4.787053e+002 
-3.456976e+002 
-2.202816e+002 
-4.728000e+001 
1.174569e+002 
2.440516e+002 
4.545980e+002 
7.711461e+002 
1.133699e+003 
1.445202e+003 
1.651541e+003 
1.702626e+003 
1.521466e+003 
1.089012e+003 
4.209156e+002 
-2.513866e+002 
-6.403890e+002 
-7.594621e+002 
-7.369981e+002 
-6.884526e+002 
-6.343134e+002 
-5.650987e+002 
-5.023555e+002 
-4.416426e+002 
-3.785229e+002 
-3.355638e+002 
-2.963142e+002 
-2.402992e+002 
-2.040154e+002 
-1.639138e+002 
-1.193989e+002 
-9.582166e+001 
-7.746174e+001 
-5.552494e+001 
-2.815157e+001 
-2.433078e+001 
-3.381302e+001 
-3.927097e+001 
-5.256160e+001 
-5.967656e+001 
-7.146435e+001 
-9.655309e+001 
-7.049353e+001 
4.616540e+001 
1.518846e+002 
1.761237e+002 
1.573304e+002 
1.129325e+002 
1.833218e+001 
-1.521013e+002 
-3.580313e+002 
-4.671521e+002 
-5.042035e+002 
-5.499654e+002 
-6.012468e+002 
-6.428863e+002 
-6.797519e+002 
-7.087282e+002 
-8.467119e+002 
-1.130603e+003 
-1.852592e+002 
3.132448e+003 
6.139523e+003 
4.931931e+003 
7.337955e+002 
-1.844648e+003 
-1.672264e+003 
-1.156999e+003 
-1.110716e+003 
-1.082210e+003 
-1.036277e+003 
-1.038711e+003 
-9.932915e+002 
-8.708003e+002 
-7.760247e+002 
-4.847474e+002 
-3.537809e+002 
-2.329301e+002 
-5.801750e+001 
1.071023e+002 
2.355434e+002 
4.503879e+002 
7.826713e+002 
1.143376e+003 
1.442428e+003 
1.645691e+003 
1.702058e+003 
1.522519e+003 
1.085997e+003 
4.371067e+002 
-2.287410e+002 
-6.160558e+002 
-7.422276e+002 
-7.066711e+002 
-6.438656e+002 
-5.853226e+002 
-5.325842e+002 
-4.842185e+002 
-4.348056e+002 
-3.819318e+002 
-3.271884e+002 
-2.771567e+002 
-2.443893e+002 
-2.164079e+002 
-1.736986e+002 
-1.326979e+002 
-1.127885e+002 
-9.729041e+001 
-8.044748e+001 
-5.942900e+001 
-5.733341e+001 
-4.809753e+001 
-4.542437e+001 
-6.495011e+001 
-8.249919e+001 
-9.202337e+001 
-1.083257e+002 
-8.999033e+001 
2.446366e+001 
1.295100e+002 
1.716335e+002 
1.673145e+002 
1.160112e+002 
-3.842999e+000 
-1.748421e+002 
-3.716189e+002 
-4.788320e+002 
-5.141959e+002 
-5.574706e+002 
-6.034502e+002 
-6.379674e+002 
-6.628913e+002 
-7.091141e+002 
-8.525451e+002 
-1.134108e+003 
-1.006903e+002 
3.296796e+003 
6.218311e+003 
4.828773e+003 
6.092652e+002 
-1.852027e+003 
-1.610025e+003 
-1.090727e+003 
-1.052043e+003 
-1.033819e+003 
-1.002885e+003 
-1.003059e+003 
-9.491423e+002 
-8.409265e+002 
-7.561965e+002 
-6.347264e+002 
-4.562929e+002 
-3.226801e+002 
-2.136719e+002 
-3.506174e+001 
1.143297e+002 
2.396551e+002 
4.680338e+002 
7.965399e+002 
1.154199e+003 
1.474979e+003 
1.678783e+003 
1.717549e+003 
1.519310e+003 
1.065016e+003 
3.933020e+002 
-2.603906e+002 
-6.325385e+002 
-7.535040e+002 
-7.256804e+002 
-6.665308e+002 
-6.055564e+002 
-5.482898e+002 
-5.002907e+002 
-4.401354e+002 
-3.904093e+002 
-3.306993e+002 
-2.825753e+002 
-2.365792e+002 
-2.062280e+002 
-1.689977e+002 
-1.273130e+002 
-9.054271e+001 
-7.299332e+001 
-6.089825e+001 
-5.741849e+001 
-3.754516e+001 
-3.003203e+001 
-3.256934e+001 
-3.703566e+001 
-4.941970e+001 
-6.154650e+001 
-1.060340e+002 
-9.044278e+001 
2.667602e+001 
1.357895e+002 
1.673753e+002 
1.539015e+002 
9.981702e+001 
1.547818e+000 
-1.785175e+002 
-3.750231e+002 
-4.726484e+002 
-5.121252e+002 
-5.432291e+002 
-5.887702e+002 
-6.405978e+002 
-6.785958e+002 
-7.126708e+002 
-8.667482e+002 
-1.141764e+003 
2.384768e+000 
3.452770e+003 
6.256332e+003 
4.681980e+003 
4.617946e+002 
-1.859054e+003 
-1.567505e+003 
-1.100566e+003 
-1.057151e+003 
-1.038110e+003 
-1.007287e+003 
-9.935154e+002 
-9.376110e+002 
-8.323804e+002 
-7.496233e+002 
-6.301325e+002 
-4.597006e+002 
-3.381218e+002 
-2.061919e+002 
-2.672381e+001 
1.234437e+002 
2.544439e+002 
4.923795e+002 
8.093054e+002 
1.163222e+003 
1.466070e+003 
1.670837e+003 
1.696604e+003 
1.491359e+003 
1.031775e+003 
3.613344e+002 
-2.913891e+002 
-6.377046e+002 
-7.569713e+002 
-7.186149e+002 
-6.701057e+002 
-6.339505e+002 
-5.666870e+002 
-5.078765e+002 
-4.490917e+002 
-3.739169e+002 
-3.339333e+002 
-2.896951e+002 
-2.357326e+002 
-1.985422e+002 
-1.655719e+002 
-1.342178e+002 
-9.981514e+001 
-7.862246e+001 
-6.182158e+001 
-5.452060e+001 
-5.265429e+001 
-4.992403e+001 
-4.598445e+001 
-4.768751e+001 
-6.498804e+001 
-7.667179e+001 
-3.831439e+001 
7.956204e+001 
1.794308e+002 
2.027743e+002 
1.860699e+002 
1.247716e+002 
1.430605e+001 
-1.679339e+002 
-3.705964e+002 
-4.753697e+002 
-5.249906e+002 
-5.622452e+002 
-5.919615e+002 
-6.470080e+002 
-6.812888e+002 
-7.217424e+002 
-8.903280e+002 
-1.149012e+003 