-4.254974e+001 
-5.088468e+001 
-5.870587e+001 
-6.496407e+001 
-8.947063e+001 
-1.238046e+002 
-9.545803e+001 
1.507994e+001 
1.153306e+002 
1.438158e+002 
1.150431e+002 
5.550018e+001 
-4.835454e+001 
-2.141005e+002 
-4.813588e+002 
-5.387809e+002 
-5.760818e+002 
-6.060156e+002 
-6.443748e+002 
-6.859903e+002 
-7.307304e+002 
-8.414891e+002 
-1.141178e+003 
-2.716710e+002 
3.010142e+003 
6.137240e+003 
5.130551e+003 
9.621557e+002 
-1.726750e+003 
-1.637077e+003 
-1.101845e+003 
-1.047995e+003 
-1.023391e+003 
-9.948790e+002 
-9.932920e+002 
-9.504504e+002 
-8.521665e+002 
-7.592469e+002 
-6.484924e+002 
-4.787053e+002 
-3.456976e+002 
-2.202816e+002 
-4.728000e+001 
1.174569e+002 
2.440516e+002 
4.545980e+002 
7.711461e+002 
1.133699e+003 
1.445202e+003 
1.651541e+003 
1.702626e+003 
1.521466e+003 
1.089012e+003 
4.209156e+002 
-2.513866e+002 
-6.403890e+002 
-7.594621e+002 
-7.369981e+002 
-6.884526e+002 
-6.343134e+002 
-5.650987e+002 
-5.023555e+002 
-4.416426e+002 
-3.785229e+002 
-3.355638e+002 
-2.963142e+002 
-2.402992e+002 
-2.040154e+002 
-1.639138e+002 
-1.193989e+002 
-9.582166e+001 
-7.746174e+001 
-5.552494e+001 
-2.815157e+001 
-2.433078e+001 
-3.381302e+001 
-3.927097e+001 
-5.256160e+001 
-5.967656e+001 
-7.146435e+001 
-9.655309e+001 
-7.049353e+001 
4.616540e+001 
1.518846e+002 
1.761237e+002 
1.573304e+002 
1.129325e+002 
1.833218e+001 
-1.521013e+002 
-3.580313e+002 
-4.671521e+002 
-5.042035e+002 
-5.499654e+002 
-6.012468e+002 
-6.428863e+002 
-6.797519e+002 
-7.087282e+002 
-8.467119e+002 
-1.130603e+003 
-1.852592e+002 
3.132448e+003 
6.139523e+003 
4.931931e+003 
7.337955e+002 
-1.844648e+003 
-1.672264e+003 
-1.156999e+003 
-1.110716e+003 
-1.082210e+003 
-1.036277e+003 
-1.038711e+003 
-9.932915e+002 
-8.708003e+002 
-7.760247e+002 
-4.847474e+002 
-3.537809e+002 
-2.329301e+002 
-5.801750e+001 
1.071023e+002 
2.355434e+002 
4.503879e+002 
7.826713e+002 
1.143376e+003 
1.442428e+003 
1.645691e+003 
1.702058e+003 
1.522519e+003 
1.085997e+003 
4.371067e+002 
-2.287410e+002 
-6.160558e+002 
-7.422276e+002 
-7.066711e+002 
-6.438656e+002 
-5.853226e+002 
-5.325842e+002 
-4.842185e+002 
-4.348056e+002 
-3.819318e+002 
-3.271884e+002 
-2.771567e+002 
-2.443893e+002 
-2.164079e+002 
-1.736986e+002 
-1.326979e+002 
-1.127885e+002 
-9.729041e+001 
-8.044748e+001 
-5.942900e+001 
-5.733341e+001 
-4.809753e+001 
-4.542437e+001 
-6.495011e+001 
-8.249919e+001 
-9.202337e+001 
-1.083257e+002 
-8.999033e+001 
2.446366e+001 
1.295100e+002 
1.716335e+002 
1.673145e+002 
1.160112e+002 
-3.842999e+000 
-1.748421e+002 
-3.716189e+002 
-4.788320e+002 
-5.141959e+002 
-5.574706e+002 
-6.034502e+002 
-6.379674e+002 
-6.628913e+002 
-7.091141e+002 
-8.525451e+002 
-1.134108e+003 
-1.006903e+002 
3.296796e+003 
6.218311e+003 
4.828773e+003 
6.092652e+002 
-1.852027e+003 
-1.610025e+003 
-1.090727e+003 
-1.052043e+003 
-1.033819e+003 
-1.002885e+003 
-1.003059e+003 
-9.491423e+002 
-8.409265e+002 
-7.561965e+002 
-6.347264e+002 
-4.562929e+002 
-3.226801e+002 
-2.136719e+002 
-3.506174e+001 
1.143297e+002 
2.396551e+002 
4.680338e+002 
7.965399e+002 
1.154199e+003 
1.474979e+003 
1.678783e+003 
1.717549e+003 
1.519310e+003 
1.065016e+003 
3.933020e+002 
-2.603906e+002 
-6.325385e+002 
-7.535040e+002 
-7.256804e+002 
-6.665308e+002 
-6.055564e+002 
-5.482898e+002 
-5.002907e+002 
-4.401354e+002 
-3.904093e+002 
-3.306993e+002 
-2.825753e+002 
-2.365792e+002 
-2.062280e+002 
-1.689977e+002 
-1.273130e+002 
-9.054271e+001 
-7.299332e+001 
-6.089825e+001 
-5.741849e+001 
-3.754516e+001 
-3.003203e+001 
-3.256934e+001 
-3.703566e+001 
-4.941970e+001 
-6.154650e+001 
-1.060340e+002 
-9.044278e+001 
2.667602e+001 
1.357895e+002 
1.673753e+002 
1.539015e+002 
9.981702e+001 
1.547818e+000 
-1.785175e+002 
-3.750231e+002 
-4.726484e+002 
-5.121252e+002 
-5.432291e+002 
-5.887702e+002 
-6.405978e+002 
-6.785958e+002 
-7.126708e+002 
-8.667482e+002 
-1.141764e+003 
2.384768e+000 
3.452770e+003 
6.256332e+003 
4.681980e+003 
4.617946e+002 
-1.859054e+003 
-1.567505e+003 
-1.100566e+003 
-1.057151e+003 
-1.038110e+003 
-1.007287e+003 
-9.935154e+002 
-9.376110e+002 
-8.323804e+002 
-7.496233e+002 
-6.301325e+002 
-4.597006e+002 
-3.381218e+002 
-2.061919e+002 
-2.672381e+001 
1.234437e+002 
2.544439e+002 
4.923795e+002 
8.093054e+002 
1.163222e+003 
1.466070e+003 
1.670837e+003 
1.696604e+003 
1.491359e+003 
1.031775e+003 
3.613344e+002 
-2.913891e+002 
-6.377046e+002 
-7.569713e+002 
-7.186149e+002 
-6.701057e+002 
-6.339505e+002 
-5.666870e+002 
-5.078765e+002 
-4.490917e+002 
-3.739169e+002 
-3.339333e+002 
-2.896951e+002 
-2.357326e+002 
-1.985422e+002 
-1.655719e+002 
-1.342178e+002 
-9.981514e+001 
-7.862246e+001 
-6.182158e+001 
-5.452060e+001 
-5.265429e+001 
-4.992403e+001 
-4.598445e+001 
-4.768751e+001 
-6.498804e+001 
-7.667179e+001 
-3.831439e+001 
7.956204e+001 
1.794308e+002 
2.027743e+002 
1.860699e+002 
1.247716e+002 
1.430605e+001 
-1.679339e+002 
-3.705964e+002 
-4.753697e+002 
-5.249906e+002 
-5.622452e+002 
-5.919615e+002 
-6.470080e+002 
-6.812888e+002 
-7.217424e+002 
-8.903280e+002 
-1.149012e+003 
7.128164e+001 
-2.419852e+003 
-2.058160e+003 
-1.354989e+003 
-5.740690e+002 
1.737828e+002 
1.073656e+003 
2.019534e+003 
2.758308e+003 
3.312817e+003 
3.736850e+003 
3.989159e+003 
3.893487e+003 
3.330594e+003 
2.347247e+003 
1.258216e+003 
4.482769e+002 
-3.087789e+002 
-1.141131e+003 
-2.009914e+003 
-2.941206e+003 
-3.893050e+003 
-4.437451e+003 
-4.588376e+003 
-4.809760e+003 
-4.678487e+003 
-3.735418e+003 
-2.276426e+003 
-7.344105e+002 
4.907047e+002 
1.562983e+003 
2.465472e+003 
2.862222e+003 
3.217302e+003 
4.013775e+003 
4.622663e+003 
4.796956e+003 
4.666642e+003 
4.263743e+003 
3.466239e+003 
2.051045e+003 
4.051030e+002 
-8.576157e+002 
-1.862167e+003 
-2.871607e+003 
-4.119972e+003 
-5.131277e+003 
-5.359494e+003 
-5.126565e+003 
-4.641404e+003 
-3.898884e+003 
-2.968810e+003 
-1.860919e+003 
-5.288743e+002 
8.757164e+002 
2.124283e+003 
2.989288e+003 
3.438254e+003 
3.687766e+003 
3.741395e+003 
3.607688e+003 
3.488153e+003 
3.315214e+003 
2.803187e+003 
1.875285e+003 
6.945900e+002 
-4.169711e+002 
-1.356588e+003 
-2.049561e+003 
-2.559337e+003 
-2.892513e+003 
-2.958836e+003 
-2.677173e+003 
-2.044456e+003 
-1.233670e+003 
-3.498045e+002 
5.212265e+002 
1.308608e+003 
1.778631e+003 
1.605709e+003 
1.186407e+003 
1.079443e+003 
1.006656e+003 
7.640430e+002 
3.578198e+002 
-2.535918e+002 
-9.586368e+002 
-1.345675e+003 
-1.576989e+003 
-2.052794e+003 
-2.414270e+003 
-2.448654e+003 
-2.285255e+003 
-1.861432e+003 
-1.116632e+003 
-3.634325e+002 
3.954456e+002 
1.337142e+003 
2.226667e+003 
2.886911e+003 
3.405666e+003 
3.788629e+003 
3.968434e+003 
3.768677e+003 
3.073949e+003 
2.019832e+003 
9.799110e+002 
2.317771e+002 
-5.319607e+002 
-1.379622e+003 
-2.243454e+003 
-3.192645e+003 
-4.089300e+003 
-4.499447e+003 
-4.644088e+003 
-4.843193e+003 
-4.517677e+003 
-3.400351e+003 
-1.856988e+003 
-3.584604e+002 
8.073107e+002 
1.837415e+003 
2.639980e+003 
2.964168e+003 
3.428134e+003 
4.247985e+003 
4.750767e+003 
4.832532e+003 
4.624287e+003 
4.127996e+003 
3.209548e+003 
1.665774e+003 
8.249023e+001 
-1.095532e+003 
-2.071582e+003 
-3.142993e+003 
-4.427137e+003 
-5.235382e+003 
-5.285117e+003 
-4.965765e+003 
-4.390789e+003 
-3.575655e+003 
-2.603779e+003 
-1.447511e+003 
-7.114717e+001 
1.315072e+003 
2.469973e+003 
3.175475e+003 
3.533575e+003 
3.699376e+003 
3.633125e+003 
3.414101e+003 
3.245616e+003 
2.937053e+003 
2.215843e+003 
1.113436e+003 
-1.656913e+002 
-1.365032e+003 
-2.361067e+003 
-3.131314e+003 
-3.726431e+003 
-4.121195e+003 
-4.247320e+003 
-3.989502e+003 
-3.436469e+003 
-2.568978e+003 
-3.368018e+002 
2.402222e+003 
3.269233e+003 
2.945482e+003 
2.370235e+003 
2.379747e+003 
2.860265e+003 
2.643033e+003 
2.026353e+003 
1.170584e+003 
4.971602e+002 
-3.774808e+002 
-1.028857e+003 
-1.451486e+003 
-1.790890e+003 
-2.203619e+003 
-2.477265e+003 
-2.332457e+003 
-1.835859e+003 
-1.073186e+003 
-9.240502e+000 
1.085060e+003 
2.005740e+003 
2.365771e+003 
2.244070e+003 
2.179493e+003 
2.148816e+003 
1.880745e+003 
1.181946e+003 
3.810730e+002 
-2.562629e+002 
-1.348460e+003 
-2.049742e+003 
-1.405282e+003 
-1.375553e+003 
-1.860187e+003 
-1.743728e+003 
-1.229551e+003 
-6.019729e+002 
3.376470e+002 
1.530900e+003 
2.700342e+003 
3.457502e+003 
2.407857e+003 
-1.150762e+002 
-9.607200e+002 
-8.346443e+002 
-7.644387e+002 
-6.906566e+002 
-6.178458e+002 
-5.385249e+002 
-4.741037e+002 
-4.139199e+002 
-3.493684e+002 
-3.228433e+002 
-3.066726e+002 
-2.710645e+002 
-2.251168e+002 
-2.228943e+002 
-2.324106e+002 
-2.306307e+002 
-1.514503e+002 
-3.572823e+001 
6.075141e+001 
1.112742e+002 
1.321689e+002 
9.177493e+001 
4.544896e+001 
2.557356e+001 
-1.144580e+002 
-3.202365e+002 
-4.523413e+002 
-5.043635e+002 
-5.529159e+002 
-5.816543e+002 
-6.132785e+002 
-6.404970e+002 
-6.810320e+002 
-7.766390e+002 
-1.077126e+003 
-6.832980e+002 
2.138058e+003 
5.692988e+003 
5.757456e+003 
1.887613e+003 
-1.448283e+003 
-1.823087e+003 
-1.205738e+003 
-1.078093e+003 
-1.064903e+003 
-1.043882e+003 
-1.036699e+003 
-9.929838e+002 
-8.683625e+002 
-7.585470e+002 
-6.513299e+002 
-4.844291e+002 
-3.425364e+002 
-2.283644e+002 
-4.765902e+001 
1.377704e+002 
2.780357e+002 
4.801738e+002 
8.011280e+002 
1.154705e+003 
1.488555e+003 
1.737161e+003 
1.837844e+003 
1.733770e+003 
1.374954e+003 
7.782791e+002 
7.151587e+001 
-4.256453e+002 
-6.285807e+002 
-6.437048e+002 
-6.224269e+002 
-6.161008e+002 
-6.039886e+002 
-6.072238e+002 
-6.037683e+002 
-6.363750e+002 
-6.745430e+002 
-7.154923e+002 
-7.771496e+002 
-8.631353e+002 
-9.587419e+002 
-1.047930e+003 
-1.141337e+003 
-1.264289e+003 
-1.393824e+003 
-1.490732e+003 
-1.617549e+003 
-1.747475e+003 
-1.854544e+003 
-1.953940e+003 
-2.031100e+003 
-1.811495e+003 
-9.125503e+002 
3.411643e+002 
1.645808e+003 
2.951226e+003 
4.126891e+003 
5.053869e+003 
5.744787e+003 
6.023808e+003 
5.422615e+003 
4.283422e+003 
3.086947e+003 
1.922443e+003 
8.007468e+002 
-2.416790e+002 
-8.617065e+002 
-9.535092e+002 
-9.204907e+002 
-9.582080e+002 
-1.117342e+003 
-1.340645e+003 
-1.569875e+003 
-1.772735e+003 
-1.951801e+003 
-2.125465e+003 
-2.283874e+003 
-2.402872e+003 
-2.522923e+003 
-2.575064e+003 
-2.486878e+003 
-2.264468e+003 
-1.994436e+003 
-1.701866e+003 
-1.229319e+003 
-5.538416e+002 
1.130233e+002 
5.712244e+002 
7.521622e+002 
7.946438e+002 
7.418309e+002 
5.521988e+002 
2.944839e+002 
3.761665e+001 
-2.303456e+002 
-4.852799e+002 
-7.370673e+002 
-9.826664e+002 
-1.225182e+003 
-1.454930e+003 
-1.667497e+003 
-1.786797e+003 
-1.391090e+003 
-3.750236e+002 
8.473106e+002 
2.097358e+003 
3.335080e+003 
4.377932e+003 
5.184866e+003 
5.780334e+003 
5.767281e+003 
4.880150e+003 
3.686957e+003 
2.529312e+003 
1.386469e+003 
2.703744e+002 
-6.672682e+002 
-1.075922e+003 
-1.067169e+003 
-1.051667e+003 
-1.147075e+003 
-1.357996e+003 
-1.583914e+003 
-1.787132e+003 
-1.969716e+003 
-2.165446e+003 
-2.357772e+003 
-2.472772e+003 
-2.586136e+003 
-2.695139e+003 
-2.682624e+003 
-2.520005e+003 
-2.239272e+003 
-1.919005e+003 
-1.527404e+003 
-8.962945e+002 
-1.251857e+002 
5.696865e+002 
1.009304e+003 
1.229820e+003 
1.366506e+003 
1.394702e+003 
1.311758e+003 
1.182990e+003 
1.057634e+003 
9.497993e+002 
8.504308e+002 
7.432761e+002 
6.278609e+002 
5.204709e+002 
4.231386e+002 
3.296384e+002 
2.394968e+002 
1.780309e+002 
1.143696e+002 
5.045405e+001 
1.005675e+001 
-1.518868e+001 
-5.077045e+001 
-7.127305e+001 
-9.234900e+001 
-1.107135e+002 
-1.151425e+002 
-1.154216e+002 
-1.163090e+002 
-1.165177e+002 
-1.007072e+002 
-8.547543e+001 
-8.433073e+001 
-8.169474e+001 
-7.692744e+001 
-6.033481e+001 
-4.517504e+001 
-4.266514e+001 
-4.391036e+001 
-4.581130e+001 
-3.820212e+001 
-2.111342e+001 
-2.275643e+001 
-1.324901e+001 
-2.551725e+001 
-1.843834e+001 
-8.928904e+000 
-1.892229e+001 
-1.237270e+001 
-1.026195e+001 
-1.158247e+001 
-6.341610e+000 
-1.558049e+001 
-9.366950e+000 
-8.115969e-001 
9.953856e+000 
1.878274e+001 
9.514084e+000 
1.098154e+001 
1.402585e+001 
-5.496164e+000 
-2.470768e+001 
-2.471426e+001 
-3.460431e+001 
-6.744342e+001 
-9.627467e+001 
-1.181226e+002 
-1.459913e+002 
-1.708528e+002 
-1.616328e+002 
-6.621282e+001 
5.555536e+001 
1.178419e+002 
1.188335e+002 
9.873149e+001 
1.974228e+001 
-1.359239e+002 
-3.490521e+002 
-4.704253e+002 
-5.108372e+002 
-5.490908e+002 
-5.939936e+002 
-6.393618e+002 
-6.790223e+002 
-7.298125e+002 
-8.345795e+002 
-1.142182e+003 
-5.184443e+002 
2.545815e+003 
5.901658e+003 
5.421079e+003 
1.389217e+003 
-1.628651e+003 
-1.740330e+003 
-1.143752e+003 
-1.055803e+003 
-1.027311e+003 
-1.002112e+003 
-1.010052e+003 
-9.739723e+002 
-8.667178e+002 
-7.821373e+002 
-5.250723e+002 
-3.923915e+002 
-2.729665e+002 
-1.036902e+002 
6.151562e+001 
1.927001e+002 
3.968760e+002 
7.040038e+002 
1.061065e+003 
1.381152e+003 
1.593337e+003 
1.666412e+003 
1.528922e+003 
1.132452e+003 
5.107296e+002 
-1.735264e+002 
-5.996749e+002 
-7.531366e+002 
-7.523778e+002 
-6.979022e+002 
-6.492452e+002 
-5.819689e+002 
-5.176621e+002 
-4.689254e+002 
-3.963601e+002 
-3.245688e+002 
-2.761419e+002 
-2.316303e+002 
-1.895418e+002 
-1.473362e+002 
-1.074086e+002 
-8.307958e+001 
-5.658888e+001 
-4.909648e+001 
-4.968133e+001 
-5.235311e+001 
-5.098296e+001 
-6.020723e+001 
-8.256044e+001 
-1.017339e+002 
-1.405573e+002 
-1.447253e+002 
-4.170757e+001 
7.808117e+001 
1.261929e+002 
4.716708e+001 
-9.547522e+001 
-2.842480e+002 
-4.046963e+002 
-4.544082e+002 
-4.900217e+002 
-5.402126e+002 
-5.807111e+002 
-6.182977e+002 
-6.557918e+002 
-7.790549e+002 
-1.086985e+003 
-3.854612e+002 
2.740632e+003 
6.023281e+003 
5.346408e+003 
1.239079e+003 
-1.667511e+003 
-1.713262e+003 
-1.132201e+003 
-1.068316e+003 
-1.057532e+003 
-1.007745e+003 
-9.868274e+002 
-9.496288e+002 
-8.569856e+002 
-7.677318e+002 
-6.596937e+002 
-4.856990e+002 
-3.465854e+002 
-2.351874e+002 
-6.734786e+001 
9.206450e+001 
2.241546e+002 
4.409985e+002 
7.546313e+002 
1.102043e+003 
1.411170e+003 
1.628889e+003 
1.698090e+003 
1.546768e+003 
1.140880e+003 
5.060946e+002 
-1.841555e+002 
-6.213821e+002 
-7.779648e+002 
-7.642988e+002 
-7.048488e+002 
-6.541069e+002 
-5.815880e+002 
-5.198368e+002 
-4.724170e+002 
-4.108976e+002 
-3.568500e+002 
-2.958285e+002 
-2.493599e+002 
-2.029407e+002 
-1.770313e+002 
-1.390357e+002 
-1.013027e+002 
-7.911928e+001 
-6.169964e+001 
-4.818651e+001 
-3.057334e+001 
-1.961156e+001 
-1.895126e+001 
-4.140746e+001 
-6.693941e+001 
-7.937814e+001 
-9.433556e+001 
-7.234978e+001 
3.104851e+001 
1.423487e+002 
1.730500e+002 
1.666453e+002 
1.046056e+002 
-6.219054e-001 
-1.746266e+002 
-3.750337e+002 
-4.715025e+002 
-5.097431e+002 
-5.305108e+002 
-5.675983e+002 
-6.148361e+002 
-6.570894e+002 
-6.972461e+002 
-8.132135e+002 
-1.100913e+003 
-3.212321e+002 
2.870935e+003 
6.063569e+003 
5.222592e+003 
1.078077e+003 
-1.735780e+003 
-1.699870e+003 
-1.138179e+003 
-1.078616e+003 
-1.060013e+003 
-1.013192e+003 
-9.989610e+002 
-9.531146e+002 
-8.444389e+002 
-7.417161e+002 
-6.317223e+002 
-4.632361e+002 
-3.300530e+002 
-2.209647e+002 
-3.377837e+001 
1.426654e+002 
2.604945e+002 
4.728038e+002 
7.926373e+002 
1.154982e+003 
1.481756e+003 
1.696896e+003 
1.747441e+003 
1.582368e+003 
1.143354e+003 
4.978375e+002 
-1.986854e+002 
-6.145869e+002 
-7.632716e+002 
-7.612219e+002 
-7.139643e+002 
-6.600653e+002 
-6.021248e+002 
-5.497668e+002 
-4.976281e+002 
-4.323556e+002 
-3.605930e+002 
-3.069594e+002 
-2.540459e+002 
-2.204079e+002 
-1.765505e+002 
-1.329240e+002 
-1.019151e+002 
-7.883022e+001 
-5.489268e+001 
-3.924831e+001 
-3.788650e+001 
-4.254974e+001 
-1.522648e+003 
-1.828925e+003 
-2.208658e+003 
-2.401893e+003 
-2.428654e+003 
-2.318956e+003 
-2.049823e+003 
-1.508279e+003 
-6.833621e+002 
1.088536e+002 
7.052785e+002 
1.205811e+003 
1.768343e+003 
2.400744e+003 
2.746855e+003 
2.728482e+003 
2.553425e+003 
2.238485e+003 
1.805459e+003 
1.276123e+003 
6.452429e+002 
-6.641980e+001 
-7.830975e+002 
-1.368012e+003 
-1.716377e+003 
-1.898376e+003 
-2.004142e+003 
-1.984760e+003 
-1.919300e+003 
-1.882800e+003 
-1.769252e+003 
-1.427587e+003 
-8.946566e+002 
-3.052562e+002 
2.018710e+002 
5.990284e+002 
8.845666e+002 
1.070818e+003 
1.154107e+003 
1.104832e+003 
8.623880e+002 
4.641224e+002 
2.003355e+002 
8.962845e+002 
1.578075e+003 
1.147703e+003 
6.541295e+002 
6.102140e+002 
2.386934e+002 
-3.297519e+002 
-3.894902e+002 
-4.709796e+002 
-9.197284e+002 
-7.782333e+002 
-4.130275e+002 
-2.066205e+002 
-9.245824e+001 
-2.390935e+001 
8.477341e+001 
1.374747e+002 
6.022390e+001 
-1.480122e+001 
-1.412637e+002 
-3.986389e+002 
-8.612233e+002 
-1.354163e+003 
-1.560472e+003 
-1.630049e+003 
-1.674681e+003 
-1.649071e+003 
-1.515869e+003 
-1.177710e+003 
-8.122513e+002 
-4.201818e+002 
3.186713e+002 
1.399209e+003 
2.564177e+003 
3.183349e+003 
3.421487e+003 
3.255051e+003 
2.913159e+003 
2.623673e+003 
2.217247e+003 
1.761349e+003 
1.317254e+003 
9.670603e+002 
-1.343219e+002 
-1.573075e+003 
-1.830447e+003 
-1.661835e+003 
-1.529673e+003 
-1.392402e+003 
-1.242461e+003 
-1.096241e+003 
-9.550080e+002 
-8.349392e+002 
-7.111783e+002 
-5.637564e+002 
-4.255463e+002 
-3.133022e+002 
-2.006464e+002 
-8.702412e+001 
2.726025e+001 
1.050153e+002 
6.721960e+001 
-5.701593e+001 
-2.294952e+002 
-3.689417e+002 
-3.950083e+002 
-3.012854e+002 
-2.153247e+002 
-6.064777e+001 
2.652407e+002 
5.808231e+002 
7.355589e+002 
7.658725e+002 
7.791510e+002 
7.907485e+002 
8.049738e+002 
8.250805e+002 
8.322685e+002 
9.356944e+002 
1.288478e+003 
5.476496e+002 
-2.534793e+003 
-5.535737e+003 
-4.878029e+003 
-1.537660e+003 
7.592576e+002 
1.089682e+003 
9.135878e+002 
8.858588e+002 
8.723416e+002 
8.568711e+002 
8.152668e+002 
7.493979e+002 
6.561896e+002 
5.694737e+002 
4.770337e+002 
3.887657e+002 
3.096365e+002 
2.166530e+002 
8.586720e+001 
-3.860239e+001 
-1.555650e+002 
-3.147755e+002 
-5.428999e+002 
-7.674526e+002 
-9.617775e+002 
-1.095042e+003 
-1.130247e+003 
-1.062232e+003 
-8.726971e+002 
-5.152095e+002 
-1.482493e+002 
7.576035e+001 
1.834251e+002 
2.223331e+002 
2.480090e+002 
2.728615e+002 
3.221386e+002 
3.958765e+002 
4.798538e+002 
5.695410e+002 
6.670572e+002 
8.071415e+002 
9.551372e+002 
1.124983e+003 
1.306193e+003 
1.497863e+003 
1.709692e+003 
1.913994e+003 
2.134753e+003 
2.340668e+003 
2.560142e+003 
2.752251e+003 
2.956974e+003 
3.144495e+003 
3.206227e+003 
2.499656e+003 
7.253824e+002 
-1.420726e+003 
-3.690458e+003 
-5.987152e+003 
-7.227607e+003 
-7.295087e+003 
-7.658233e+003 
-8.014994e+003 
-7.487717e+003 
-6.159138e+003 
-4.341342e+003 
-2.391793e+003 
-4.442353e+002 
1.232959e+003 
1.966839e+003 
1.937834e+003 
1.828699e+003 
1.830438e+003 
1.967238e+003 
2.148378e+003 
2.314141e+003 
2.446717e+003 
2.597112e+003 
2.730058e+003 
2.808935e+003 
2.891677e+003 
2.968693e+003 
2.968803e+003 
2.794182e+003 
2.486324e+003 
2.172015e+003 
1.804313e+003 
1.174531e+003 
4.242517e+002 
-2.306467e+002 
-5.789494e+002 
-6.620579e+002 
-6.619396e+002 
-5.180528e+002 
-2.402779e+002 
9.216796e+001 
4.318218e+002 
7.680690e+002 
1.113245e+003 
1.462732e+003 
1.815060e+003 
2.124994e+003 
2.416637e+003 
2.668499e+003 
2.611567e+003 
1.521310e+003 
-4.372423e+002 
-2.577434e+003 
-4.866979e+003 
-6.885911e+003 
-7.529506e+003 
-7.580364e+003 
-8.102466e+003 
-8.139108e+003 
-7.258964e+003 
-5.687135e+003 
-1.570133e+003 
3.617596e+002 
1.762834e+003 
2.128590e+003 
2.035719e+003 
1.984993e+003 
2.074209e+003 
2.254117e+003 
2.459344e+003 
2.625302e+003 
2.760112e+003 
2.929534e+003 
3.054903e+003 
3.137081e+003 
3.209419e+003 
3.222729e+003 
3.109266e+003 
2.833725e+003 
2.445245e+003 
2.059425e+003 
1.507356e+003 
6.796638e+002 
-1.744453e+002 
-8.691362e+002 
-1.263869e+003 
-1.470329e+003 
-1.590351e+003 
-1.590858e+003 
-1.485792e+003 
-1.359051e+003 
-1.232426e+003 
-1.097546e+003 
-9.508321e+002 
-8.164517e+002 
-6.952878e+002 
-5.839154e+002 
-4.705896e+002 
-3.652424e+002 
-2.664876e+002 
-1.946531e+002 
-1.498498e+002 
-9.300129e+001 
-3.584436e+001 
2.904250e+001 
4.822320e+001 
7.143987e+001 
8.352265e+001 
9.029195e+001 
9.058926e+001 
1.052774e+002 
1.072021e+002 
1.003120e+002 
8.735834e+001 
7.600131e+001 
7.777440e+001 
6.511681e+001 
5.440872e+001 
4.898563e+001 
5.013599e+001 
4.299346e+001 
4.249909e+001 
3.159886e+001 
1.643827e+001 
-1.376831e+001 
-8.939265e+000 
-2.812079e+001 
-2.637190e+001 
-2.374572e+001 
-1.928867e+001 
-1.203314e+001 
-1.698877e+001 
-1.014933e+001 
-1.450469e+001 
-1.102292e+001 
-1.164405e+001 
-9.273306e+000 
2.075734e-001 
1.492704e+001 
2.102039e+001 
3.562831e+001 
3.788238e+001 
4.790096e+001 
6.878233e+001 
9.860129e+001 
1.114071e+002 
1.392223e+002 
1.590397e+002 
1.738233e+002 
1.945056e+002 
2.259885e+002 
1.341300e+002 
-1.072506e+002 
-3.273641e+002 
-4.584559e+002 
-4.827932e+002 
-3.736627e+002 
-1.393629e+002 
1.748005e+002 
4.545177e+002 
5.774829e+002 
6.084081e+002 
6.380197e+002 
6.790600e+002 
7.142942e+002 
7.325125e+002 
7.635373e+002 
9.512254e+002 
1.249460e+003 
-1.189638e+001 
-3.403911e+003 
-5.794503e+003 
-4.249568e+003 
-8.501341e+002 
9.527483e+002 
1.020154e+003 
8.892329e+002 
8.671046e+002 
8.508780e+002 
8.346603e+002 
7.955604e+002 
7.446900e+002 
6.601591e+002 
5.680800e+002 
4.775588e+002 
3.936947e+002 
3.295733e+002 
2.472603e+002 
1.338101e+002 
3.027548e+001 
-9.729557e+001 
-2.548531e+002 
-4.503457e+002 
-6.687122e+002 
-8.328692e+002 
-9.397213e+002 
-9.202684e+002 
-7.926310e+002 
-5.558405e+002 
-2.006787e+002 
1.131654e+002 
3.129017e+002 
3.776447e+002 
3.505163e+002 
3.256690e+002 
2.882776e+002 
2.545462e+002 
2.357062e+002 
2.010122e+002 
1.727415e+002 
1.561846e+002 
1.396319e+002 
1.203717e+002 
1.196909e+002 
9.386697e+001 
8.216061e+001 
7.880753e+001 
7.801342e+001 
7.395323e+001 
7.576133e+001 
7.841903e+001 
8.670878e+001 
1.114085e+002 
1.424779e+002 
1.529318e+002 
1.776356e+002 
2.043046e+002 
9.159862e+001 
-1.578490e+002 
-3.784280e+002 
-5.075476e+002 
-5.196278e+002 
-3.670864e+002 
-1.203401e+002 
1.932092e+002 
4.561769e+002 
5.672042e+002 
5.879657e+002 
6.201680e+002 
6.605474e+002 
6.988760e+002 
7.169589e+002 
7.756397e+002 
9.907962e+002 
1.234331e+003 
-2.318701e+002 
-3.708844e+003 
-5.826472e+003 
-3.994632e+003 
-6.073319e+002 
1.021416e+003 
1.002726e+003 
8.947623e+002 
8.866505e+002 
8.624996e+002 
8.424171e+002 
8.015073e+002 
7.248770e+002 
6.296342e+002 
5.608829e+002 
4.977220e+002 
4.152425e+002 
3.255208e+002 
2.376142e+002 
1.065689e+002 
-8.572302e+000 
-1.167687e+002 
-2.619800e+002 
-4.611608e+002 
-6.622555e+002 
-8.471861e+002 
-9.438633e+002 
-9.203013e+002 
-7.936246e+002 
-5.528478e+002 
-1.897372e+002 
1.320158e+002 
3.066125e+002 
3.521714e+002 
3.538215e+002 
3.167202e+002 
2.910535e+002 
2.580339e+002 
2.229044e+002 
2.009303e+002 
1.923977e+002 
1.596032e+002 
1.378453e+002 
1.314181e+002 
1.216134e+002 
9.071409e+001 
8.698722e+001 
7.967020e+001 
8.697176e+001 
7.906545e+001 
7.608120e+001 
1.029835e+002 
1.095436e+002 
1.205514e+002 
1.389789e+002 
1.518351e+002 
1.609683e+002 
1.660830e+002 
7.483735e+001 
-1.681401e+002 
-3.982428e+002 
-5.138840e+002 
-5.024873e+002 
-3.734769e+002 
-1.052672e+002 
2.207397e+002 
4.671595e+002 
5.646337e+002 
6.018366e+002 
6.314731e+002 
6.722793e+002 
7.010266e+002 
7.295242e+002 
7.706146e+002 
1.015177e+003 
1.204112e+003 
-4.346989e+002 
-3.943282e+003 
-5.806516e+003 
-3.732289e+003 
-4.186222e+002 
1.033480e+003 
9.901374e+002 
8.795101e+002 
8.727189e+002 
8.618711e+002 
8.440713e+002 
8.054246e+002 
7.180361e+002 
6.270142e+002 
5.574641e+002 
4.804852e+002 
3.841688e+002 
2.875929e+002 
2.028172e+002 
1.088912e+002 
3.858868e+000 
-1.052360e+002 
-2.773502e+002 
-4.664310e+002 
-6.874200e+002 
-8.532326e+002 
-9.457812e+002 
-9.130892e+002 
-7.802821e+002 
-5.253559e+002 
-1.690617e+002 
1.529048e+002 
3.327333e+002 
3.875406e+002 
3.564560e+002 
3.086352e+002 
2.702631e+002 
2.535533e+002 
2.387447e+002 
2.091016e+002 
1.869104e+002 
1.564656e+002 
1.290613e+002 
1.109921e+002 
1.025501e+002 
9.301685e+001 
7.965339e+001 
6.569807e+001 
6.335547e+001 
8.480041e+001 
8.615545e+001 
9.237343e+001 
1.082224e+002 
1.075048e+002 
1.272059e+002 
1.593277e+002 
1.777044e+002 
1.910382e+002 
5.898328e+001 
-1.788312e+002 
-3.958012e+002 
-5.153403e+002 
-4.838714e+002 
-3.388204e+002 
-8.360455e+001 
2.373730e+002 
4.847262e+002 
5.700932e+002 
6.121481e+002 
6.415968e+002 
6.601769e+002 
6.846623e+002 
7.238631e+002 
7.886223e+002 
1.044822e+003 
1.149359e+003 
-6.878801e+002 
-4.228909e+003 
-5.803596e+003 
-3.478836e+003 
-2.276508e+002 
1.068965e+003 
9.871456e+002 
9.040534e+002 
8.678117e+002 
8.565331e+002 
8.403241e+002 
7.992946e+002 
7.185555e+002 
6.352177e+002 
5.643877e+002 
4.701657e+002 
3.886451e+002 
3.169014e+002 
2.279915e+002 
9.696207e+001 
-1.418765e-001 
-1.312815e+002 
-3.104155e+002 
-5.004948e+002 
-6.944616e+002 
-8.602334e+002 
-9.287293e+002 
-9.079900e+002 
-7.711428e+002 
-5.201684e+002 
-1.588060e+002 
1.472418e+002 
3.121556e+002 
3.580483e+002 
3.530534e+002 
3.203316e+002 
2.980711e+002 
2.714880e+002 
2.348261e+002 
2.103539e+002 
1.683571e+002 
1.401356e+002 
1.379866e+002 
1.182060e+002 
1.120882e+002 
1.029129e+002 
9.694171e+001 
8.340983e+001 
7.752095e+001 
7.644676e+001 
8.230062e+001 
9.101380e+001 
9.934456e+001 
1.231070e+002 
1.312924e+002 
1.588922e+002 
1.707247e+002 
1.804849e+002 
3.782314e+001 
-2.196392e+002 
-4.073007e+002 
-5.095810e+002 
-4.929036e+002 
-3.416941e+002 
-6.836823e+001 
2.556716e+002 
4.920401e+002 
5.833809e+002 
6.093713e+002 
6.337197e+002 
6.651671e+002 
6.914913e+002 
7.385054e+002 
8.020563e+002 
1.094032e+003 
1.130330e+003 
-9.171607e+002 
-4.459439e+003 
-5.743369e+003 
-3.223856e+003 
-6.192895e+001 
1.074429e+003 
9.463562e+002 
8.780140e+002 
8.945218e+002 
8.829893e+002 
8.455245e+002 
8.002375e+002 
7.122372e+002 
5.946347e+002 
5.255388e+002 
4.510486e+002 
3.752577e+002 
3.072427e+002 
2.120608e+002 
1.037622e+002 
-1.160717e+001 
-1.330019e+002 
-3.003785e+002 
-4.926847e+002 
-7.108594e+002 
-8.728134e+002 
-9.354686e+002 
-9.018742e+002 
-7.681548e+002 
-5.012701e+002 
-1.189459e+002 
1.871059e+002 
3.280560e+002 
3.550156e+002 
3.291150e+002 
3.185144e+002 
2.853985e+002 
2.729812e+002 
2.465011e+002 
2.212233e+002 
1.914317e+002 
1.544183e+002 
1.164746e+002 
1.168929e+002 
9.995782e+001 
8.394569e+001 
8.611320e+001 
8.069160e+001 
7.087860e+001 
7.884584e+001 
7.069781e+001 
8.135173e+001 
8.556299e+001 
9.516270e+001 
1.331564e+002 
1.705299e+002 
1.910952e+002 
1.745473e+002 
2.054297e+001 
-2.322856e+002 
-4.373321e+002 
-5.330084e+002 
-4.707311e+002 
-3.089199e+002 
-2.798561e+001 
3.076766e+002 
5.116879e+002 
5.847013e+002 
6.104017e+002 
6.355013e+002 
6.767440e+002 
6.939077e+002 
7.368091e+002 
8.152962e+002 
1.120255e+003 
1.065577e+003 
-1.159850e+003 
-4.702020e+003 
-5.674796e+003 
-2.935101e+003 
1.080255e+002 
1.095604e+003 
9.487715e+002 
8.766789e+002 
8.664389e+002 
8.641560e+002 
8.349336e+002 
7.818768e+002 
6.980933e+002 
6.146904e+002 
5.337725e+002 
4.494392e+002 
3.757809e+002 
2.898707e+002 
1.917678e+002 
8.052211e+001 
-2.481925e+001 
-1.642104e+002 
-3.226032e+002 
-5.179446e+002 
-7.211681e+002 
-8.751824e+002 
-9.309124e+002 
-8.884161e+002 
-7.428121e+002 
-4.650364e+002 
-8.980284e+001 
1.981724e+002 
3.570526e+002 
3.759476e+002 
3.449937e+002 
3.173525e+002 
2.912119e+002 
2.487896e+002 
2.123293e+002 
1.830981e+002 
1.733822e+002 
1.654713e+002 
1.366569e+002 
1.022315e+002 
8.648375e+001 
8.368874e+001 
8.210065e+001 
7.995099e+001 
6.743639e+001 
8.172504e+001 
8.991124e+001 
1.048965e+002 
1.054330e+002 
1.183675e+002 
1.357146e+002 
1.514488e+002 
1.683705e+002 
1.641700e+002 
4.996720e-001 
-2.500135e+002 
-4.387649e+002 
-5.201687e+002 
-4.726449e+002 
-2.966132e+002 
-3.483230e+000 
3.083477e+002 
5.245007e+002 
5.906253e+002 
6.224044e+002 
6.505493e+002 
6.828041e+002 
6.999481e+002 
7.387962e+002 
8.271980e+002 
1.139041e+003 
9.752136e+002 
-1.430395e+003 
-4.906767e+003 
-5.565764e+003 
-2.665319e+003 
2.615284e+002 
1.092809e+003 
9.186674e+002 
8.772571e+002 
8.676885e+002 
8.570693e+002 
8.325059e+002 
7.871068e+002 
7.019802e+002 
6.032362e+002 
5.009822e+002 
4.333239e+002 
3.623546e+002 
2.961502e+002 
1.897673e+002 
7.725961e+001 
-8.321908e+000 
-1.419300e+002 
-3.375138e+002 
-5.550171e+002 
-7.543697e+002 
-8.814738e+002 
-9.292601e+002 
-8.687945e+002 
-7.251902e+002 
-4.343623e+002 
-6.501496e+001 
2.211291e+002 
3.462252e+002 
3.633870e+002 
3.317529e+002 
3.044888e+002 
2.757844e+002 
2.578577e+002 
2.409524e+002 
2.033355e+002 
1.732922e+002 
1.491129e+002 
1.200851e+002 
1.024970e+002 
9.263217e+001 
8.376083e+001 
9.013112e+001 
1.089648e+002 
9.344830e+001 
7.774126e+001 
7.092173e+001 
7.586791e+001 
8.832362e+001 
1.101418e+002 
1.433355e+002 
1.718622e+002 
1.915038e+002 
1.589405e+002 
-1.617975e+001 
-2.612358e+002 
-4.536294e+002 
-5.367749e+002 
-4.780913e+002 
-2.929973e+002 
1.209952e+001 
3.318050e+002 
5.267474e+002 
5.755852e+002 
6.070128e+002 
6.377505e+002 
6.755541e+002 
7.092168e+002 
7.335642e+002 
8.254575e+002 
1.180795e+003 
9.044740e+002 
-1.679600e+003 
-5.090389e+003 
-5.440742e+003 
-2.376596e+003 
4.130103e+002 
1.088123e+003 
9.098963e+002 
8.834788e+002 
8.919815e+002 
8.695096e+002 
8.301668e+002 
7.740566e+002 
6.862823e+002 
5.999491e+002 
5.121577e+002 
4.210014e+002 
3.355640e+002 
2.739101e+002 
1.940873e+002 
2.463511e+003 
2.324746e+003 
1.811498e+003 
1.065695e+003 
2.992809e+002 
-3.237884e+002 
-8.775484e+002 
-1.323025e+003 
-1.518250e+003 
-1.723257e+003 
-2.143082e+003 
-2.412733e+003 
-2.459203e+003 
-2.389485e+003 
-2.167584e+003 
-1.734483e+003 
-9.621279e+002 
-1.324876e+002 
4.904648e+002 
1.024772e+003 
1.571474e+003 
2.209602e+003 
2.670180e+003 
2.733209e+003 
2.595676e+003 
2.317554e+003 
1.926794e+003 
1.431314e+003 
8.420005e+002 
1.547013e+002 
-5.677650e+002 
-1.183596e+003 
-1.583007e+003 
-1.790250e+003 
-1.919602e+003 
-1.924333e+003 
-1.847700e+003 
-1.765940e+003 
-1.657249e+003 
-1.371770e+003 
-8.745956e+002 
-2.607488e+002 
2.968211e+002 
7.522177e+002 
1.097601e+003 
1.350200e+003 
1.495321e+003 
1.513346e+003 
1.335704e+003 
1.002860e+003 
5.842971e+002 
1.184887e+002 
-3.331297e+002 
-7.191736e+002 
-9.293180e+002 
-8.173029e+002 
-5.959472e+002 
-5.611466e+002 
-5.178551e+002 
-3.911146e+002 
-1.650741e+002 
1.580146e+002 
5.188410e+002 
6.890528e+002 
8.122616e+002 
1.057048e+003 
1.202985e+003 
1.206683e+003 
1.116789e+003 
8.659773e+002 
4.879790e+002 
1.285936e+002 
-2.623043e+002 
-7.597683e+002 
-1.204782e+003 
-1.550268e+003 
-1.803099e+003 
-1.963098e+003 
-2.029059e+003 
-1.891761e+003 
-1.501975e+003 
-9.504739e+002 
-4.460293e+002 
-4.741668e+001 
3.515703e+002 
7.820992e+002 
1.238302e+003 
1.730274e+003 
2.134070e+003 
2.288703e+003 
2.369174e+003 
2.453459e+003 
2.218526e+003 
1.600396e+003 
7.890920e+002 
7.156514e+001 
-4.862395e+002 
-1.021350e+003 
-1.377801e+003 
-1.522648e+003 
0 
0 
0 
0 
0 
0 
0 
0 
0 
0 
0 
0 
0 
0 
0 
0 
0 
0 
0 
0 
0 
0 
0 
0 
0 
0 
0 
0 
0 
0 
0 
0 
0 
0 
0 
0 
0 
0 
0 
0 
0 
0 
0 
0 
0 
0 
0 
0 
0 
0 
0 
0 
0 
0 
0 
0 
0 
0 
0 
0 
0 
0 
0 
0 
0 
0 
0 
0 
0 
0 
0 
0 
0 
0 
0 
0 
0 
0 
0 
0 
0 
0 
0 
0 
0 
0 
0 
0 
0 
0 
0 
0 
0 
0 
0 
0 
0 
0 
0 
0 
0 
0 
0 
0 
0 
0 
0 
0 
0 
0 
0 
0 
0 
0 
0 
0 
0 
0 
0 
0 
0 
0 
0 
0 
0 
0 
0 
0 
0 
0 
0 
0 
0 
0 
0 
0 
0 
0 
0 
0 
0 
0 
0 
0 
0 
0 
0 
0 
0 
0 
0 
0 
0 
0 
0 
0 
0 
0 
0 
0 
0 
0 
0 
0 
0 
0 
0 
0 
0 
0 
0 
0 
0 
0 
0 
0 
0 
0 
0 
0 
0 
0 
0 
0 
0 
0 
0 
0 
0 
0 
0 
0 
0 
0 
0 
0 
0 
0 
0 
0 
0 
0 
0 
0 
0 
0 
0 
0 
0 
0 
0 
0 
0 
0 
0 
0 
0 
0 
0 
0 
0 
0 
0 
0 
0 
0 
0 
0 
0 
0 
0 
0 
0 
0 
0 
0 
0 
0 
0 
0 
0 
0 
0 
0 
0 
0 
0 
0 
0 
0 
0 
0 
0 
0 
0 
0 
0 
0 
0 
0 
0 
0 
0 
0 
0 
0 
0 
0 
0 
0 
0 
0 
0 
0 
0 
0 
0 
0 
0 
0 
0 
0 
0 
0 
0 
0 
0 
0 
0 
0 
0 
0 
0 
0 
0 
0 
0 
0 
0 
0 
0 
0 
0 
0 
0 
0 
0 
0 
0 
0 
0 
0 
0 
0 
0 
0 
0 
0 
0 
0 
0 
0 
0 
0 
0 
0 
0 
0 
0 
0 
0 
0 
0 
0 
0 
0 
0 
0 
0 
0 
0 
0 
0 
0 
0 
0 
0 
0 
0 
0 
0 
0 
0 
0 
0 
0 
0 
0 
0 
0 
0 
0 
0 
0 
0 
0 
0 
0 
0 
0 
0 
0 
0 
0 
0 
0 
0 
0 
0 
0 
0 
0 
0 
0 
0 
0 
0 
0 
0 
0 
0 
0 
0 
0 
0 
0 
0 
0 
0 
0 
0 
0 
0 
0 
0 
0 
0 
0 
0 
0 
0 
0 
0 
0 
0 
0 
0 
0 
0 
0 
0 
0 
0 
0 
0 
0 
0 
0 
0 
0 
0 
0 
0 
0 
0 
0 
0 
0 
0 
0 
0 
0 
0 
0 
0 
0 
0 
0 
0 
0 
0 
0 
0 
0 
0 
0 
0 
0 
0 
0 
0 
0 
0 
0 
0 
0 
0 
0 
0 
0 
0 
0 
0 
0 
0 
0 
0 
0 
0 
0 
0 
0 
0 
0 
0 
0 
0 
0 
0 
0 
0 
0 
0 
0 
0 
0 
0 
0 
0 
0 
0 
0 
0 
0 
0 
0 
0 
0 
0 
0 
0 
0 
0 
0 
0 
0 
0 
0 
0 
0 
0 
0 
0 
0 
0 
0 
0 
0 
0 
0 
0 
0 
0 
0 
0 
0 
0 
0 
0 
0 
0 
0 
0 
0 
0 
0 
0 
0 
0 
0 
0 
0 
0 
0 
0 
0 
0 
0 
0 
0 
0 
0 
0 
0 
0 
0 
0 
0 
0 
0 
0 
0 
0 
0 
0 
0 
0 
0 
0 
0 
0 
0 
0 
0 
0 
0 
0 
0 
0 
0 
0 
0 
0 
0 
0 
0 
0 
0 
0 
0 
0 
0 
0 
0 
0 
0 
0 
0 
0 
0 
0 
0 
0 
0 
0 
0 
0 
0 
0 
0 
0 
0 
0 
0 
0 
0 
0 
0 
0 
0 
0 
0 
0 
0 
0 
0 
0 
0 
0 
0 
0 
0 
0 
0 
0 
0 
0 
0 
0 
0 
0 
0 
0 
0 
0 
0 
0 
0 
0 
0 
0 
0 
0 
0 
0 
0 
0 
0 
0 
0 
0 
0 
0 
0 
0 
0 
0 
0 
0 
0 
0 
0 
0 
0 
0 
0 
0 
0 
0 
0 
0 
0 
0 
0 
0 
0 
0 
0 
0 
0 
0 
0 
0 
0 
0 
0 
0 
0 
0 
0 
0 
0 
0 
0 
0 
0 
0 
0 
0 
0 
0 
0 
0 
0 
0 
0 
0 
0 
0 
0 
0 
0 
0 
0 
0 
0 
0 
0 
0 
0 
0 
0 
0 
0 
0 
0 
0 
0 
0 
0 
0 
0 
0 
0 
0 
0 
0 
0 
0 
0 
0 
0 
0 
0 
0 
0 
0 
0 
0 
0 
0 
0 
0 
0 
0 
0 
0 
0 
0 
0 
0 
0 
0 
0 
0 
0 
0 
0 
0 
0 
0 
0 
0 
0 
0 
0 
0 
0 
0 
0 
0 
0 
0 
0 
0 
0 
0 
0 
0 
0 
0 
0 
0 
0 
0 
0 
0 
0 
0 
0 
0 
0 
0 
0 
0 
0 
0 
0 
0 
0 
0 
0 
0 
0 
0 
0 
0 
0 
0 
0 
0 
0 
0 
0 
0 
0 
0 
0 
0 
0 
0 
0 
0 
0 
0 
0 
0 
0 
0 
0 
0 
0 
0 
0 
0 
0 
0 
0 
0 
0 
0 
0 
0 
0 
0 
0 
0 
0 
0 
0 
0 
0 
0 
0 
0 
0 
0 
0 
0 
0 
0 
0 
0 
0 
0 
0 
0 
0 
0 
0 
0 
0 
0 
0 
0 
0 
0 
0 
0 
0 
0 
0 
0 
0 
0 
0 
0 
0 
0 
0 
0 
0 
0 
0 
0 
0 
0 
0 
0 
0 
0 
0 
0 
0 
0 
0 
0 
0 
0 
0 
0 
0 
0 
0 
0 
0 
0 
0 
0 
0 
0 
0 
0 
0 
0 
0 
0 
0 
0 
0 
0 
0 
0 
0 
0 
0 
0 
0 
0 
0 
0 
0 
0 
0 
0 
0 
0 
0 
0 
0 
0 
0 
0 
0 
0 
0 
0 
0 
0 
0 
0 
0 
0 
0 
0 
0 
0 
0 
0 
0 
