-2.961535e+002 
-6.702642e+002 
-7.892259e+002 
-7.716563e+002 
-7.191122e+002 
-6.741094e+002 
-6.801260e+002 
-6.725924e+002 
-6.028980e+002 
-5.663855e+002 
-4.443338e+002 
-2.329570e+002 
-1.493996e+002 
-1.307399e+002 
-1.599891e+002 
-2.410940e+002 
-3.799454e+002 
-5.563699e+002 
-6.381222e+002 
-6.758944e+002 
-7.153168e+002 
-7.379717e+002 
-8.143995e+002 
-1.080099e+003 
-1.125537e+003 
7.659487e+002 
4.473180e+003 
6.218021e+003 
3.443194e+003 
-6.227920e+002 
-2.094561e+003 
-1.561695e+003 
-1.149657e+003 
-1.119875e+003 
-1.180870e+003 
-1.022247e+003 
-8.247033e+002 
-7.310237e+002 
-6.020752e+002 
-3.818201e+002 
-8.831055e+001 
2.203238e+002 
5.508776e+002 
9.050722e+002 
1.233563e+003 
1.577954e+003 
1.778786e+003 
1.698552e+003 
1.449696e+003 
9.446084e+002 
2.476358e+002 
-3.998867e+002 
-7.406044e+002 
-7.511399e+002 
-6.980924e+002 
-6.730264e+002 
-6.664773e+002 
-6.409501e+002 
-6.279170e+002 
-6.288002e+002 
-5.449579e+002 
-4.206906e+002 
-2.692224e+002 
-2.067112e+002 
-1.962454e+002 
-2.348449e+002 
-3.444597e+002 
-5.059672e+002 
-6.071718e+002 
-6.318073e+002 
-7.105339e+002 
-7.989409e+002 
-7.935601e+002 
-8.628870e+002 
-1.139387e+003 
-7.614581e+002 
1.976674e+003 
5.566909e+003 
5.688110e+003 
1.830939e+003 
-1.529135e+003 
-1.933707e+003 
-1.280305e+003 
-1.104347e+003 
-1.095280e+003 
-1.019677e+003 
-8.731997e+002 
-7.585969e+002 
-6.277087e+002 
-4.564812e+002 
-2.359476e+002 
4.376248e+001 
3.424377e+002 
6.817903e+002 
1.055463e+003 
1.399036e+003 
1.656044e+003 
1.734969e+003 
1.566226e+003 
1.101194e+003 
4.652150e+002 
-1.473994e+002 
-5.743356e+002 
-7.582397e+002 
-7.677082e+002 
-7.323062e+002 
-6.755709e+002 
-7.010155e+002 
-7.491076e+002 
-6.512530e+002 
-5.968054e+002 
-4.850413e+002 
-2.691726e+002 
-1.523472e+002 
-1.166369e+002 
-1.530408e+002 
-2.404844e+002 
-3.748280e+002 
-5.768562e+002 
-6.512621e+002 
-6.626797e+002 
-6.926850e+002 
-7.158004e+002 
-7.424997e+002 
-8.982343e+002 
-1.178416e+003 
-1.020709e+001 
3.485484e+003 
6.131544e+003 
4.393369e+003 
2.462423e+002 
-1.983283e+003 
-1.648530e+003 
-1.115944e+003 
-1.110051e+003 
-1.203440e+003 
-1.090793e+003 
-8.398931e+002 
-6.886437e+002 
-4.340351e+002 
-2.691628e+002 
1.779914e+001 
3.325829e+002 
6.668447e+002 
1.031175e+003 
1.453116e+003 
1.766155e+003 
1.737726e+003 
1.561237e+003 
1.107044e+003 
3.944764e+002 
-3.321434e+002 
-7.674701e+002 
-8.641200e+002 
-7.896695e+002 
-7.166531e+002 
-7.495680e+002 
-8.338624e+002 
-7.649367e+002 
-5.661491e+002 
-3.737901e+002 
-2.570751e+002 
-1.961492e+002 
-1.790851e+002 
-2.068847e+002 
-2.974871e+002 
-5.077658e+002 
-6.555211e+002 
-6.514960e+002 
-6.993735e+002 
-7.277559e+002 
-7.961959e+002 
-9.032004e+002 
-1.118242e+003 
-1.028754e+003 
1.178875e+003 
4.933248e+003 
6.180114e+003 
2.937468e+003 
-9.947856e+002 
-2.049247e+003 
-1.375765e+003 
-1.082945e+003 
-1.073190e+003 
-1.087995e+003 
-9.869846e+002 
-7.748859e+002 
-6.755185e+002 
-5.347748e+002 
-2.906617e+002 
-7.280649e+000 
2.941706e+002 
5.954180e+002 
8.871142e+002 
1.276851e+003 
1.578160e+003 
1.682538e+003 
1.594445e+003 
1.265277e+003 
7.283982e+002 
3.514450e+001 
-4.881570e+002 
-7.021842e+002 
-7.445750e+002 
-7.189084e+002 
-7.163956e+002 
-6.967893e+002 
-6.656534e+002 
-6.783568e+002 
-6.462122e+002 
-4.274991e+002 
-2.834586e+002 
-2.322631e+002 
-1.430142e+002 
-1.557656e+002 
-2.335047e+002 
-3.681534e+002 
-5.955670e+002 
-6.625246e+002 
-6.387479e+002 
-6.439068e+002 
-6.506133e+002 
-6.844312e+002 
-8.068877e+002 
-1.150495e+003 
-5.117273e+002 
2.573111e+003 
5.905724e+003 
5.368631e+003 
1.242213e+003 
-1.786070e+003 
-1.821707e+003 
-1.250272e+003 
-1.181394e+003 
-1.157738e+003 
-1.119058e+003 
-1.036170e+003 
-8.409547e+002 
-6.953782e+002 
-5.244656e+002 
-3.192964e+002 
-7.199924e+001 
2.192551e+002 
5.422636e+002 
8.968018e+002 
1.309653e+003 
1.622584e+003 
1.619351e+003 
1.327722e+003 
8.374704e+002 
2.453659e+002 
-4.807798e+002 
-9.539553e+002 
-1.154029e+003 
3.749147e+003 
-4.501072e+002 
-2.289611e+003 
-1.681330e+003 
-1.139211e+003 
-1.038156e+003 
-1.019053e+003 
-9.047799e+002 
-6.882357e+002 
-5.523520e+002 
-4.450809e+002 
-2.554087e+002 
1.156440e+002 
4.880072e+002 
8.235672e+002 
1.138181e+003 
1.404669e+003 
1.705809e+003 
1.929328e+003 
1.930911e+003 
1.070182e+003 
2.587693e+002 
-3.886979e+002 
-6.874427e+002 
-7.796636e+002 
-7.707690e+002 
-7.299872e+002 
-7.070971e+002 
-6.845618e+002 
-6.666189e+002 
-6.394992e+002 
-5.314432e+002 
-3.676679e+002 
-2.713515e+002 
-2.316107e+002 
-2.245189e+002 
-2.610995e+002 
-3.553083e+002 
-4.760220e+002 
-6.080513e+002 
-5.781320e+002 
-5.769385e+002 
-6.520679e+002 
-7.140518e+002 
-7.753899e+002 
-1.037568e+003 
-8.290296e+002 
1.666822e+003 
5.340477e+003 
5.980335e+003 
2.371909e+003 
-1.292799e+003 
-2.011443e+003 
-1.330725e+003 
-1.154278e+003 
-1.177740e+003 
-1.058849e+003 
-9.004501e+002 
-7.624591e+002 
-6.978461e+002 
-6.036539e+002 
-3.929963e+002 
-1.300455e+002 
1.529885e+002 
4.838614e+002 
8.233070e+002 
1.139041e+003 
1.314776e+003 
1.316240e+003 
1.216181e+003 
8.503443e+002 
2.344554e+002 
-5.087262e+002 
-1.055386e+003 
-1.266532e+003 
4.572179e+003 
4.443204e+002 
-2.064869e+003 
-1.837515e+003 
-1.249650e+003 
-1.148089e+003 
-1.111646e+003 
-1.021120e+003 
-8.203033e+002 
-6.570195e+002 
-5.791069e+002 
-4.044180e+002 
-5.284085e+001 
2.476851e+002 
5.301814e+002 
8.356236e+002 
1.148950e+003 
1.492046e+003 
1.751728e+003 
1.802744e+003 
1.617782e+003 
1.174467e+003 
4.823976e+002 
-2.316992e+002 
-6.120186e+002 
-7.399608e+002 
-7.292005e+002 
-6.964315e+002 
-7.111679e+002 
-7.178254e+002 
-6.088568e+002 
-6.167218e+002 
-6.158161e+002 
-4.034904e+002 
-2.230664e+002 
-1.418049e+002 
-1.358864e+002 
-2.384067e+002 
-3.813715e+002 
-4.536896e+002 
-6.041674e+002 
-6.975002e+002 
-7.432937e+002 
-7.610707e+002 
-8.332834e+002 
-9.203075e+002 
-1.077487e+003 
-1.155083e+003 
7.041106e+002 
4.375869e+003 
6.026645e+003 
3.251368e+003 
-7.623219e+002 
-2.161643e+003 
-1.304871e+003 
-1.318444e+003 
-1.141794e+003 
-8.784887e+002 
-7.882102e+002 
-6.577389e+002 
-4.299716e+002 
-1.579241e+002 
1.412849e+002 
4.194434e+002 
7.422475e+002 
1.150310e+003 
1.515170e+003 
1.773303e+003 
1.677129e+003 
1.332030e+003 
8.593361e+002 
1.763356e+002 
-4.216961e+002 
-6.954750e+002 
-7.577078e+002 
-7.270570e+002 
-7.741479e+002 
-8.015619e+002 
-6.588409e+002 
-6.825041e+002 
-6.990064e+002 
-4.737350e+002 
-2.590274e+002 
-1.721565e+002 
-1.583102e+002 
-1.285977e+002 
-1.700708e+002 
-3.217160e+002 
-4.994521e+002 
-5.291245e+002 
-5.315031e+002 
-5.662919e+002 
-6.191329e+002 
-7.176098e+002 
-7.732542e+002 
-1.021579e+003 
-6.000376e+002 
5.742171e+003 
5.684463e+003 
1.778830e+003 
-1.539812e+003 
-1.929876e+003 
-1.283060e+003 
-1.082980e+003 
-1.074075e+003 
-1.048742e+003 
-8.945073e+002 
-7.409809e+002 
-6.528506e+002 
-4.469075e+002 
-1.530463e+002 
1.487507e+002 
4.534117e+002 
7.867778e+002 
1.145611e+003 
1.481598e+003 
1.727366e+003 
1.798495e+003 
1.616508e+003 
1.184855e+003 
5.229330e+002 
-2.138904e+002 
-5.982712e+002 
-7.538793e+002 
-7.623420e+002 
-7.282486e+002 
-7.111558e+002 
-6.755972e+002 
-6.560816e+002 
-6.650604e+002 
-6.329356e+002 
-4.120611e+002 
-2.977228e+002 
-2.561159e+002 
-1.273717e+002 
-1.145679e+002 
-2.346998e+002 
-4.426900e+002 
-6.583921e+002 
-6.975868e+002 
-6.779830e+002 
-7.122200e+002 
-7.088739e+002 
-7.214719e+002 
-8.595014e+002 
-1.155409e+003 
1.641676e+001 
3.533641e+003 
6.222339e+003 
4.474281e+003 
1.770296e+002 
-2.079330e+003 
-1.647112e+003 
-1.177744e+003 
-1.170694e+003 
-1.125479e+003 
-1.031702e+003 
-8.650370e+002 
-7.412539e+002 
-6.282082e+002 
-4.188269e+002 
-1.941181e+002 
4.583438e+001 
3.928797e+002 
7.047937e+002 
1.033299e+003 
1.510063e+003 
1.822677e+003 
1.818685e+003 
1.532577e+003 
1.049788e+003 
3.977084e+002 
-2.412812e+002 
-6.007727e+002 
-7.053539e+002 
-6.756092e+002 
-6.451240e+002 
-7.304759e+002 
-7.422077e+002 
-6.168450e+002 
-6.548930e+002 
-6.157891e+002 
-3.719107e+002 
-2.066007e+002 
-1.371354e+002 
-1.217150e+002 
-1.644724e+002 
-2.444702e+002 
-3.766989e+002 
-4.800601e+002 
-5.403618e+002 
-6.073338e+002 
-6.376346e+002 
-6.648551e+002 
-7.085218e+002 
-9.271307e+002 
-8.740610e+002 
1.314646e+003 
5.026084e+003 
6.190988e+003 
-2.000461e+003 
-1.375356e+003 
-1.086380e+003 
-1.071751e+003 
-1.070777e+003 
-9.588864e+002 
-7.935976e+002 
-7.165201e+002 
-5.983579e+002 
-3.799334e+002 
-9.217860e+001 
2.328746e+002 
6.290945e+002 
1.025250e+003 
1.396034e+003 
1.644055e+003 
1.710861e+003 
1.622954e+003 
1.308773e+003 
7.436943e+002 
3.104878e+001 
-4.988583e+002 
-7.327456e+002 
-7.793091e+002 
-7.501970e+002 
-7.760154e+002 
-7.923273e+002 
-6.956602e+002 
-6.325086e+002 
-5.673043e+002 
-4.144127e+002 
-2.541424e+002 
-1.687305e+002 
-1.423224e+002 
-1.909871e+002 
-2.607246e+002 
-3.744645e+002 
-5.300635e+002 
-6.183050e+002 
-6.329093e+002 
-6.675282e+002 
-7.377453e+002 
-8.380924e+002 
-9.140527e+002 
-1.191084e+003 
-5.325895e+002 
2.533051e+003 
5.840480e+003 
5.296559e+003 
1.227319e+003 
-1.756509e+003 
-1.853005e+003 
-1.252683e+003 
-1.134955e+003 
-1.144275e+003 
-1.086203e+003 
-9.063871e+002 
-7.515673e+002 
-6.555626e+002 
-4.772820e+002 
-2.477295e+002 
2.002643e+001 
3.218160e+002 
6.664081e+002 
1.040508e+003 
1.407751e+003 
1.718713e+003 
1.824906e+003 
1.635790e+003 
1.217778e+003 
5.542362e+002 
-2.024973e+002 
-5.970677e+002 
-7.111067e+002 
-7.082234e+002 
-7.009971e+002 
-7.249865e+002 
-6.827224e+002 
-6.387085e+002 
-6.383927e+002 
-5.131596e+002 
-4.453463e+002 
-3.632167e+002 
-2.109675e+002 
-1.737305e+002 
-2.035603e+002 
-2.814391e+002 
-4.242691e+002 
-5.878696e+002 
-6.789793e+002 
-7.112634e+002 
-7.333213e+002 
-7.486925e+002 
-7.898805e+002 
-1.044315e+003 
-1.250242e+003 
3.433144e+002 
3.996290e+003 
6.249284e+003 
3.919680e+003 
-3.189907e+002 
-2.098019e+003 
-1.550740e+003 
-1.125608e+003 
-1.035124e+003 
-1.068868e+003 
-1.080529e+003 
-8.578924e+002 
-6.858634e+002 
-5.454471e+002 
-8.473396e+001 
9.005957e+001 
4.456659e+002 
8.967231e+002 
1.244800e+003 
1.530414e+003 
1.694028e+003 
1.648058e+003 
1.339876e+003 
9.028171e+002 
2.411873e+002 
-3.516842e+002 
-6.974519e+002 
-8.787317e+002 
-8.370897e+002 
-7.410628e+002 
-7.021464e+002 
-8.127989e+002 
-7.114057e+002 
-5.363001e+002 
-4.507564e+002 
-4.019636e+002 
-3.470403e+002 
-3.050362e+002 
-3.489271e+002 
-4.976207e+002 
-6.039506e+002 
-6.376816e+002 
-6.975111e+002 
-7.530697e+002 
-7.919277e+002 
-8.316026e+002 
-1.099578e+003 
-8.762775e+002 
1.593920e+003 
5.238626e+003 
5.958526e+003 
2.363502e+003 
-1.308504e+003 
-2.022857e+003 
-1.402258e+003 
-1.132390e+003 
-1.070760e+003 
-1.053837e+003 
-8.821883e+002 
-7.765047e+002 
-7.245693e+002 
-5.102688e+002 
-2.685935e+002 
2.736820e+001 
3.354325e+002 
6.753487e+002 
1.033762e+003 
1.384264e+003 
1.623388e+003 
1.714617e+003 
1.588388e+003 
1.220101e+003 
5.871196e+002 
-1.612241e+002 
-5.726008e+002 
-7.376972e+002 
-7.731617e+002 
-7.325886e+002 
-7.005299e+002 
-6.464865e+002 
-6.949155e+002 
-7.112214e+002 
-5.727692e+002 
-4.518632e+002 
-3.157288e+002 
-1.555242e+002 
-1.013442e+002 
-1.522095e+002 
-2.800679e+002 
-4.618052e+002 
-6.052406e+002 
-6.381196e+002 
-6.571268e+002 
-6.788828e+002 
-6.949506e+002 
-7.348481e+002 
-8.840500e+002 
-1.188012e+003 
-2.731001e+002 
3.050480e+003 
6.104622e+003 
4.877126e+003 
6.315770e+002 
-1.903617e+003 
-1.716083e+003 
-1.168347e+003 
-1.137846e+003 
-1.189083e+003 
-1.076673e+003 
-8.403157e+002 
-7.058171e+002 
-6.010712e+002 
-4.440557e+002 
-1.708435e+002 
1.364030e+002 
4.184485e+002 
7.749901e+002 
1.146653e+003 
1.467006e+003 
1.674569e+003 
1.711819e+003 
1.518181e+003 
1.017037e+003 
3.127423e+002 
-3.283709e+002 
-6.819548e+002 
-7.946429e+002 
-8.060265e+002 
-8.156487e+002 
-7.380172e+002 
-6.436112e+002 
-6.038791e+002 
-5.912148e+002 
-5.219437e+002 
-3.583425e+002 
-2.236212e+002 
-1.549062e+002 
-1.302689e+002 
-2.177254e+002 
-3.392208e+002 
-4.236342e+002 
-5.707829e+002 
-6.644111e+002 
-7.131999e+002 
-7.947643e+002 
-7.916644e+002 
-7.754266e+002 
-9.665524e+002 
-1.060508e+003 
8.033860e+002 
4.490965e+003 
6.177106e+003 
3.390527e+003 
-6.632696e+002 
-2.092900e+003 
-1.475939e+003 
-1.161851e+003 
-1.150056e+003 
-1.069071e+003 
-9.965103e+002 
-8.980613e+002 
-7.575000e+002 
-6.336940e+002 
-4.666052e+002 
-1.452746e+002 
2.051762e+002 
5.295462e+002 
8.865696e+002 
1.258916e+003 
1.618199e+003 
1.788973e+003 
1.710742e+003 
1.458966e+003 
9.300477e+002 
2.193519e+002 
-4.437663e+002 
-7.599426e+002 
-7.367897e+002 
-6.738913e+002 
-6.438063e+002 
-6.750610e+002 
-6.721419e+002 
-6.095090e+002 
-6.515863e+002 
-5.687290e+002 
-2.952339e+002 
-1.783489e+002 
-1.772505e+002 
-1.980483e+002 
-2.477841e+002 
-3.594275e+002 
-5.738752e+002 
-7.139464e+002 
-6.653882e+002 
-6.608910e+002 
-7.220782e+002 
-8.125083e+002 
-9.346898e+002 
-1.194100e+003 
-7.361406e+002 
2.080963e+003 
5.609031e+003 
5.621706e+003 
1.716477e+003 
-1.611092e+003 
-1.955365e+003 
-1.257750e+003 
-1.092710e+003 
-1.098724e+003 
-1.091332e+003 
-9.641485e+002 
-7.488617e+002 
-6.802335e+002 
-5.720882e+002 
-2.803215e+002 
2.709489e+001 
3.391254e+002 
6.806673e+002 
1.054556e+003 
1.392565e+003 
1.617418e+003 
1.698786e+003 
1.572289e+003 
1.158498e+003 
5.579405e+002 
-1.579010e+002 
-6.285558e+002 
-7.025573e+002 
-7.214516e+002 
-6.737963e+002 
-5.411183e+002 
-4.847971e+002 
-4.391128e+002 
-3.745126e+002 
-3.106644e+002 
-2.381626e+002 
-2.403610e+002 
-2.995085e+002 
-2.788543e+002 
-2.426287e+002 
-2.460254e+002 
-2.142014e+002 
-1.622943e+002 
-1.314084e+002 
-9.860250e+001 
-5.591104e+001 
-3.235231e+001 
3.607657e+001 
1.063890e+002 
7.160795e+001 
1.008351e+002 
1.613415e+002 
1.584693e+002 
1.153802e+002 
1.002177e+001 
-2.959481e+001 
-3.826376e+001 
-5.471179e+001 
-7.270052e+001 
-9.900973e+001 
-1.064271e+002 
-5.673975e+001 
6.264278e+000 
8.779730e+001 
1.120831e+002 
9.936672e+001 
5.589150e+001 
-4.510929e+001 
-2.304101e+002 
-4.207893e+002 
-5.150397e+002 
-5.639777e+002 
-5.714371e+002 
-5.902811e+002 
-6.344050e+002 
-6.467341e+002 
-6.192263e+002 
-6.308513e+002 
-8.965802e+002 
-6.293649e+002 
1.949860e+003 
5.561050e+003 
5.903050e+003 
2.156815e+003 
-1.319529e+003 
-1.827909e+003 
-1.170385e+003 
-1.032994e+003 
-1.066699e+003 
-1.055447e+003 
-1.009156e+003 
-9.927228e+002 
-9.620117e+002 
-8.478593e+002 
-6.770828e+002 
-5.264793e+002 
-3.968262e+002 
-3.348909e+002 
-2.514273e+002 
-9.718777e+001 
7.006763e+001 
1.765733e+002 
3.505422e+002 
6.481522e+002 
9.855437e+002 
1.309816e+003 
1.548026e+003 
1.647177e+003 
1.531224e+003 
1.169069e+003 
6.275529e+002 
3.462553e+000 
-4.694518e+002 
-6.904938e+002 
-7.070217e+002 
-6.324387e+002 
-5.681875e+002 
-5.097395e+002 
-4.495923e+002 
-4.252643e+002 
-4.112944e+002 
-3.531830e+002 
-2.994168e+002 
-2.264553e+002 
-1.697332e+002 
-1.546602e+002 
-1.624511e+002 
-1.621503e+002 
-9.187605e+001 
-4.023323e+001 
-2.335448e+001 
-1.804104e+001 
4.001366e+001 
9.695357e+001 
9.070909e+001 
6.326946e+001 
1.458318e+002 
1.006578e+002 
-3.500130e+001 
-4.693030e+001 
-4.292019e+001 
-5.679424e+001 
-5.937992e+001 
-6.549626e+001 
-7.002947e+001 
-8.189602e+001 
-9.708620e+001 
-1.216016e+002 
-1.254589e+002 
-6.722768e-001 
1.707389e+002 
1.707444e+002 
1.183124e+002 
9.940504e+001 
9.599150e+001 
-1.144257e+003 
-1.056046e+003 
-1.073954e+003 
-1.010497e+003 
-8.693104e+002 
-7.661050e+002 
-5.926854e+002 
-4.289735e+002 
-2.369869e+002 
9.316445e+001 
4.332779e+002 
7.820707e+002 
1.124184e+003 
1.434198e+003 
1.667640e+003 
1.723996e+003 
1.530707e+003 
1.076174e+003 
3.947717e+002 
-2.961535e+002 
0 
0 
0 
0 
0 
0 
0 
0 
0 
0 
0 
0 
0 
0 
0 
0 
0 
0 
0 
0 
0 
0 
0 
0 
0 
0 
0 
0 
0 
0 
0 
0 
0 
0 
0 
0 
0 
0 
0 
0 
0 
0 
0 
0 
0 
0 
0 
0 
0 
0 
0 
0 
0 
0 
0 
0 
0 
0 
0 
0 
0 
0 
0 
0 
0 
0 
0 
0 
0 
0 
0 
0 
0 
0 
0 
0 
0 
0 
0 
0 
0 
0 
0 
0 
0 
0 
0 
0 
0 
0 
0 
0 
0 
0 
0 
0 
0 
0 
0 
0 
0 
0 
0 
0 
0 
0 
0 
0 
0 
0 
0 
0 
0 
0 
0 
0 
0 
0 
0 
0 
0 
0 
0 
0 
0 
0 
0 
0 
0 
0 
0 
0 
0 
0 
0 
0 
0 
0 
0 
0 
0 
0 
0 
0 
0 
0 
0 
0 
0 
0 
0 
0 
0 
0 
0 
0 
0 
0 
0 
0 
0 
0 
0 
0 
0 
0 
0 
0 
0 
0 
0 
0 
0 
0 
0 
0 
0 
0 
0 
0 
0 
0 
0 
0 
0 
0 
0 
0 
0 
0 
0 
0 
0 
0 
0 
0 
0 
0 
0 
0 
0 
0 
0 
0 
0 
0 
0 
0 
0 
0 
0 
0 
0 
0 
0 
0 
0 
0 
0 
0 
0 
0 
0 
0 
0 
0 
0 
0 
0 
0 
0 
0 
0 
0 
0 
0 
0 
0 
0 
0 
0 
0 
0 
0 
0 
0 
0 
0 
0 
0 
0 
0 
0 
0 
0 
0 
0 
0 
0 
0 
0 
0 
0 
0 
0 
0 
0 
0 
0 
0 
0 
0 
0 
0 
0 
0 
0 
0 
0 
0 
0 
0 
0 
0 
0 
0 
0 
0 
0 
0 
0 
0 
0 
0 
0 
0 
0 
0 
0 
0 
0 
0 
0 
0 
0 
0 
0 
0 
0 
0 
0 
0 
0 
0 
0 
0 
0 
0 
0 
0 
0 
0 
0 
0 
0 
0 
0 
0 
0 
0 
0 
0 
0 
0 
0 
0 
0 
0 
0 
0 
0 
0 
0 
0 
0 
0 
0 
0 
0 
0 
0 
0 
0 
0 
0 
0 
0 
0 
0 
0 
0 
0 
0 
0 
0 
0 
0 
0 
0 
0 
0 
0 
0 
0 
0 
0 
0 
0 
0 
0 
0 
0 
0 
0 
0 
0 
0 
0 
0 
0 
0 
0 
0 
0 
0 
0 
0 
0 
0 
0 
0 
0 
0 
0 
0 
0 
0 
0 
0 
0 
0 
0 
0 
0 
0 
0 
0 
0 
0 
0 
0 
0 
0 
0 
0 
0 
0 
0 
0 
0 
0 
0 
0 
0 
0 
0 
0 
0 
0 
0 
0 
0 
0 
0 
0 
0 
0 
0 
0 
0 
0 
0 
0 
0 
0 
0 
0 
0 
0 
0 
0 
0 
0 
0 
0 
0 
0 
0 
0 
0 
0 
0 
0 
0 
0 
0 
0 
0 
0 
0 
0 
0 
0 
0 
0 
0 
0 
0 
0 
0 
0 
0 
0 
0 
0 
0 
0 
0 
0 
0 
0 
0 
0 
0 
0 
0 
0 
0 
0 
0 
0 
0 
0 
0 
0 
0 
0 
0 
0 
0 
0 
0 
0 
0 
0 
0 
0 
0 
0 
0 
0 
0 
0 
0 
0 
0 
0 
0 
0 
0 
0 
0 
0 
0 
0 
0 
0 
0 
0 
0 
0 
0 
0 
0 
0 
0 
0 
0 
0 
0 
0 
0 
0 
0 
0 
0 
0 
0 
0 
0 
0 
0 
0 
0 
0 
0 
0 
0 
0 
0 
0 
0 
0 
0 
0 
0 
0 
0 
0 
0 
0 
0 
0 
0 
0 
0 
0 
0 
0 
0 
0 
0 
0 
0 
0 
0 
0 
0 
0 
0 
0 
0 
0 
0 
0 
0 
0 
0 
0 
0 
0 
0 
0 
0 
0 
0 
0 
0 
0 
0 
0 
0 
0 
0 
0 
0 
0 
0 
0 
0 
0 
0 
0 
0 
0 
0 
0 
0 
0 
0 
0 
0 
0 
0 
0 
0 
0 
0 
0 
0 
0 
0 
0 
0 
0 
0 
0 
0 
0 
0 
0 
0 
0 
0 
0 
0 
0 
0 
0 
0 
0 
0 
0 
0 
0 
0 
0 
0 
0 
0 
0 
0 
0 
0 
0 
0 
0 
0 
0 
0 
0 
0 
0 
0 
0 
0 
0 
0 
0 
0 
0 
0 
0 
0 
0 
0 
0 
0 
0 
0 
0 
0 
0 
0 
0 
0 
0 
0 
0 
0 
0 
0 
0 
0 
0 
0 
0 
0 
0 
0 
0 
0 
0 
0 
0 
0 
0 
0 
0 
0 
0 
0 
0 
0 
0 
0 
0 
0 
0 
0 
0 
0 
0 
0 
0 
0 
0 
0 
0 
0 
0 
0 
0 
0 
0 
0 
0 
0 
0 
0 
0 
0 
0 
0 
0 
0 
0 
0 
0 
0 
0 
0 
0 
0 
0 
0 
0 
0 
0 
0 
0 
0 
0 
0 
0 
0 
0 
0 
0 
0 
0 
0 
0 
0 
0 
0 
0 
0 
0 
0 
0 
0 
0 
0 
0 
0 
0 
0 
0 
0 
0 
0 
0 
0 
0 
0 
0 
0 
0 
0 
0 
0 
0 
0 
0 
0 
0 
0 
0 
0 
0 
0 
0 
0 
0 
0 
0 
0 
0 
0 
0 
0 
0 
0 
0 
0 
0 
0 
0 
0 
0 
0 
0 
0 
0 
0 
0 
0 
0 
0 
0 
0 
0 
0 
0 
0 
0 
0 
0 
0 
0 
0 
0 
0 
0 
0 
0 
0 
0 
0 
0 
0 
0 
0 
0 
0 
0 
0 
0 
0 
0 
0 
0 
0 
0 
0 
0 
0 
0 
0 
0 
0 
0 
0 
0 
0 
0 
0 
0 
0 
0 
0 
0 
0 
0 
0 
0 
0 
0 
0 
0 
0 
0 
0 
0 
0 
0 
0 
0 
0 
0 
0 
0 
0 
0 
0 
0 
0 
0 
0 
0 
0 
0 
0 
0 
0 
0 
0 
0 
0 
0 
0 
0 
0 
0 
0 
0 
0 
0 
0 
0 
0 
0 
0 
0 
0 
0 
0 
0 
0 
0 
0 
0 
0 
0 
0 
0 
0 
0 
0 
1812 
1804 
1832 
1784 
1854 
1781 
1833 
1856 
1812 
1869 
1800 
1831 
1818 
1795 
1877 
1810 
1858 
1833 
1812 
1862 
1808 
1876 
1839 
1825 
1855 
1797 
1878 
1828 
1849 
1886 
1829 
1903 
1844 
1835 
1862 
1815 
1891 
1826 
1845 
1853 
1831 
1895 
1829 
1889 
1883 
1839 
1899 
1834 
1874 
1876 
1840 
1860 
1809 
1898 
1872 
1878 
1929 
1856 
1911 
1846 
1875 
1898 
1826 
1893 
1828 
1751 
1836 
1836 
1878 
1860 
1817 
1872 
1801 
1874 
1890 
1870 
1921 
1837 
1908 
1898 
1882 
1933 
1871 
1959 
1953 
1956 
1963 
1876 
1924 
1853 
1887 
1930 
1859 
1937 
1869 
1889 
1916 
1874 
1920 
1850 
1890 
1905 
1853 
1883 
1804 
1861 
1857 
1860 
1915 
1840 
1906 
1870 
1898 
2023 
1893 
1871 
1835 
1843 
1842 
1791 
1878 
1826 
1866 
1892 
1845 
1905 
1830 
1884 
1923 
1897 
1943 
1856 
1880 
1842 
1814 
1860 
1772 
1876 
1869 
1856 
1885 
1793 
1843 
1768 
1757 
1817 
1793 
1849 
1774 
1790 
1827 
1796 
1876 
1801 
1842 
1856 
1831 
1915 
1827 
1852 
1835 
1809 
1890 
1818 
1880 
1866 
1842 
1906 
1828 
1878 
1838 
1833 
1898 
1826 
1881 
1835 
1856 
1889 
1817 
1879 
1804 
1817 
1861 
1801 
1861 
1804 
1850 
1867 
1848 
1920 
1866 
1936 
1919 
1862 
1909 
1837 
1877 
1843 
1821 
1877 
1793 
1840 
1811 
1809 
1856 
1782 
1827 
1796 
1827 
1841 
1740 
1820 
1778 
1792 
1795 
1710 
1774 
1709 
1748 
1755 
1726 
1799 
1718 
1751 
1763 
1766 
1816 
1715 
1764 
1744 
1738 
1776 
1709 
1819 
1756 
1731 
1821 
1792 
1844 
1776 
1778 
1802 
1778 
1854 
1800 
1830 
1825 
1812 
1894 
1836 
1893 
1903 
1880 
1966 
1923 
1945 
1891 
1858 
1924 
1859 
1891 
1832 
1807 
1892 
1844 
1883 
1813 
1861 
1915 
1853 
1910 
1786 
1487 
1053 
806 
720 
819 
901 
859 
965 
1611 
1704 
1660 
1742 
1777 
1779 
1898 
1827 
1883 
1882 
1872 
1951 
1884 
1943 
1935 
1951 
2009 
1936 
1992 
1965 
1963 
1984 
1915 
1973 
1942 
1973 
1975 
1921 
1999 
1953 
2026 
2066 
2002 
2043 
1972 
2024 
2028 
2005 
2065 
1994 
2026 
1988 
1981 
2015 
1940 
2013 
1964 
1954 
1992 
1912 
1992 
1964 
1983 
2008 
1915 
1974 
1907 
1938 
1962 
1926 
2012 
1935 
1966 
1986 
1946 
1996 
1922 
1990 
1965 
1922 
1992 
1938 
1989 
1981 
1975 
2005 
1927 
1983 
1928 
1929 
1941 
1866 
1945 
1924 
1946 
1959 
1900 
1983 
1943 
1990 
2013 
1962 
2020 
1936 
1965 
1866 
1940 
1856 
1915 
1907 
1886 
1842 
1872 
1826 
1903 
1864 
1874 
1911 
1845 
1928 
1865 
1846 
1883 
1841 
1907 
1853 
1843 
1866 
1820 
1878 
1787 
1821 
1857 
1796 
1858 
1781 
1818 
1822 
1796 
1858 
1762 
1792 
1793 
1784 
1817 
1749 
1840 
1788 
1769 
1843 
1800 
1855 
1815 
1835 
1870 
1811 
1869 
1815 
1843 
1849 
1784 
1858 
1789 
1803 
1812 
1821 
1869 
1796 
1848 
1831 
1795 
1849 
1775 
1858 
1828 
1808 
1856 
1764 
1826 
1805 
1810 
1857 
1793 
1855 
1828 
1852 
1892 
1827 
1887 
1834 
1835 
1825 
1781 
1863 
1815 
1855 
1854 
1809 
1858 
1771 
1804 
1800 
1787 
1829 
1738 
1807 
1807 
1800 
1830 
1755 
1816 
1776 
1793 
1837 
1750 
1819 
1769 
1794 
1834 
1776 
1850 
1770 
1791 
1807 
1766 
1841 
1806 
1860 
1820 
1787 
1858 
1796 
1865 
1854 
1813 
1858 
1784 
1826 
1800 
1813 
1851 
1763 
1831 
1797 
1810 
1841 
1806 
1879 
1803 
1837 
1846 
1779 
1846 
1800 
1860 
1859 
1801 
1870 
1785 
1822 
1829 
1798 
1853 
1787 
1836 
1837 
1839 
1861 
1801 
1890 
1840 
1819 
1846 
1791 
1863 
1803 
1818 
1861 
1808 
1884 
1845 
1860 
1850 
1800 
1868 
1811 
1860 
1863 
1824 
1911 
1863 
1897 
1854 
1833 
1914 
1823 
1873 
1856 
1847 
1906 
1847 
1918 
1875 
1892 
1947 
1880 
1951 
1907 
1910 
1935 
1865 
1924 
1889 
1930 
1933 
1873 
1915 
1865 
1923 
1897 
1872 
1935 
1853 
1905 
1848 
1810 
1879 
1813 
1873 
1857 
1860 
1911 
1840 
1884 
1842 
1868 
1917 
1839 
1884 
1844 
1849 
1852 
1810 
1899 
1833 
1880 
1888 
1822 
1878 
1827 
1869 
1881 
1863 
1930 
1847 
1886 
1852 
1831 
1874 
1808 
1890 
1862 
1830 
1842 
1778 
1847 
1780 
1808 
1843 
1793 
1851 
1780 
1809 
1831 
1803 
1852 
1770 
1835 
1839 
1802 
1849 
1773 
1825 
1810 
1781 
1854 
1796 
1865 
1850 
1857 
1898 
1793 
1850 
1828 
1848 
1865 
1798 
1858 
1813 
1829 
1841 
1794 
1892 
1804 
1817 
1854 
1800 
1849 
1782 
1848 
1838 
1824 
1878 
1804 
1868 
1836 
1821 
1877 
1806 
1869 
1819 
1826 
1824 
1253 
-55 
749 
2089 
2055 
2006 
2106 
2034 
2034 
2083 
2081 
2154 
2112 
2163 
2093 
1957 
1946 
1851 
1915 
1874 
1827 
1899 
1847 
1903 
1854 
1850 
1907 
1834 
1893 
1838 
1814 
1816 
1352 
602 
1370 
2072 
1970 
1899 
1975 
1885 
1858 
1867 
1833 
1889 
1813 
1823 
1826 
1823 
1894 
1828 
1877 
1833 
1822 
1889 
1830 
1904 
1865 
1850 
1874 
1791 
1834 
1773 
1767 
1808 
1774 
1847 
1870 
1801 
1862 
1810 
1839 
1835 
1816 
1874 
1804 
1852 
1832 
1814 
1878 
1815 
1884 
1862 
1817 
1849 
1799 
1864 
1808 
1795 
1864 
1823 
1859 
1806 
1858 
1869 
1778 
1857 
1811 
1841 
1848 
1795 
1878 
1801 
1815 
1823 
1816 
1878 
1798 
1834 
1807 
1790 
1865 
1816 
1884 
1840 
1808 
1869 
1816 
1879 
1823 
1829 
1865 
1800 
1888 
1831 
1826 
1864 
1803 
1868 
1836 
1876 
1867 
1811 
1871 
1820 
1878 
1869 
1872 
1871 
1848 
1922 
1844 
1881 
1871 
1853 
1916 
1858 
1918 
1878 
1871 
1938 
1864 
1931 
1868 
1855 
1925 
1875 
1953 
1875 
1900 
1949 
1904 
1965 
1895 
1930 
1959 
1905 
1949 
1885 
1924 
1910 
1881 
1954 
1889 
1905 
1907 
1896 
1932 
1923 
1852 
1866 
1962 
1885 
1946 
1907 
1887 
1933 
1865 
1912 
1859 
1872 
1886 
1850 
1933 
1874 
1903 
1907 
1856 
1894 
1818 
1871 
1886 
1862 
1919 
1851 
1905 
1891 
1886 
1922 
1822 
1881 
1815 
1807 
1880 
1808 
1870 
1826 
1839 
1872 
1790 
1855 
1807 
1825 
1850 
1820 
1893 
1809 
1825 
1836 
1816 
1891 
1821 
1869 
1859 
1837 
1886 
1842 
1913 
1865 
1855 
1900 
1814 
1877 
1802 
1807 
1839 
1758 
1870 
1811 
1804 
1794 
1707 
1763 
1718 
1786 
1828 
1786 
1881 
1827 
1861 
1870 
1839 
1883 
1811 
1868 
1815 
1797 
1868 
1790 
1849 
1809 
1818 
1891 
1837 
1901 
1851 
1856 
1894 
1825 
1888 
1836 
1858 
1855 
1808 
1888 
1828 
1864 
1869 
1812 
1869 
1832 
1887 
1865 
1803 
1845 
1777 
1842 
1804 
1820 
1878 
1800 
1871 
1823 
1819 
1857 
1794 
1870 
1812 
